153 35 86 39
19 88 25 48
91 72 51 54
24 86 62 27
68 3 70 68
8 73 32 99
8 22 98 42
37 93 75 90
128 13 82 0
1 7 0 93
79 52 47 55
90 62 35 11
117 5 79 26
78 12 25 39
34 23 81 24
16 56 14 97
22 48 97 23
55 97 16 86
101 16 94 92
78 29 55 95
34 34 21 65
198 98 4 85
74 85 9 42
194 75 39 16
24 88 39 79
138 8 18 39
124 12 31 54
141 86 49 27
73 23 92 71
121 48 56 47
34 65 90 80
41 29 48 17
170 39 96 8
47 14 47 23
178 31 77 19
169 79 47 42
2 91 14 75
40 22 23 26
140 13 6 81
94 54 50 64
45 46 24 93
13 72 68 91
3 98 63 72
177 10 15 31
101 81 6 41
155 81 19 95
146 25 28 93
31 78 9 77
25 34 22 90
6 42 81 9
40 44 33 17
106 0 0 60
133 59 53 89
40 73 84 39
50 13 32 82
191 41 11 68
75 33 10 33
75 44 94 68
40 28 37 47
180 38 59 14
197 12 3 89
85 87 80 36
152 12 70 96
106 81 64 33
66 27 67 93
171 61 61 11
41 99 10 22
89 69 36 38
82 39 79 19
78 60 7 83
24 77 79 30
10 95 16 76
22 83 70 93
96 83 5 38
34 67 12 75
37 48 13 19
139 93 90 69
105 98 52 29
175 31 12 86
127 28 14 1
163 36 95 59
20 52 49 6
119 13 82 56
13 95 27 52
40 18 74 45
16 26 75 91
10 87 29 89
67 44 90 30
80 37 41 52
89 91 59 61
156 41 17 70
88 97 74 29
115 48 26 83
127 1 26 89
140 56 78 7
52 20 89 32
158 31 37 47
174 96 8 30
89 78 0 77
175 75 58 90
123 85 25 2
138 51 91 31
107 69 38 59
190 28 44 0
11 33 47 85
129 8 15 70
186 68 99 61
143 10 3 18
195 28 21 85
31 64 16 39
86 7 50 28
87 46 28 98
179 75 83 60
183 50 30 21
118 30 34 61
40 89 32 87
69 5 24 1
69 41 92 55
48 42 83 87
41 11 85 20
139 68 81 74
18 63 96 89
193 82 50 85
172 82 72 41
187 97 94 9
90 86 64 90
129 0 77 70
163 62 42 2
182 23 77 52
87 25 41 32
107 44 18 31
78 42 25 18
91 19 27 33
6 43 23 87
43 52 9 7
66 51 61 0
127 38 53 66
115 46 98 75
90 68 6 69
63 31 87 6
103 66 40 9
109 15 48 5
120 57 12 86
108 73 87 87
164 92 53 31
38 4 6 29
24 13 50 87
196 89 46 99
155 38 60 16
153 8 21 73
65 85 12 26
111 99 13 27
91 19 58 81
123 17 62 99
30 12 39 78
153 85 30 60
23 90 29 28
99 50 54 16
88 66 94 99
117 60 78 60
79 36 41 54
53 4 53 35
168 92 66 74
29 96 34 4
138 63 33 89
66 87 6 54
5 52 5 22
112 35 34 91
71 27 97 77
31 3 64 52
47 82 26 77
178 12 81 17
76 66 6 94
5 64 0 10
17 5 84 29
92 18 73 63
146 22 92 29
25 9 33 73
191 59 2 70
124 35 39 52
102 97 46 7
14 46 18 83
103 54 64 95
25 37 10 71
60 55 52 37
64 86 10 55
97 12 77 73
148 68 25 2
18 71 9 32
169 79 67 24
134 31 19 59
121 82 82 81
137 86 70 53
172 81 60 22
45 90 95 45
10 21 47 28
44 9 12 66
188 31 90 74
163 62 33 84
196 67 17 85
154 87 38 26
20 50 0 66
40 48 63 3
121 63 83 17
72 48 83 12
79 74 87 42
188 20 78 84
188 95 69 42
83 59 20 55
9 73 73 2
121 37 5 94
52 40 11 24
88 95 36 68
21 75 62 9
48 41 93 36
136 14 30 71
73 2 27 82
127 52 36 0
89 93 94 93
134 6 17 22
53 6 90 74
33 53 35 81
146 80 69 82
194 51 6 19
54 85 1 33
37 90 34 79
83 28 72 17
186 42 40 39
0 82 65 33
87 0 15 33
80 36 16 26
88 74 45 94
59 99 27 48
189 61 27 24
42 0 42 28
194 34 20 46
16 37 79 4
138 46 37 70
183 5 49 23
79 94 17 90
45 44 39 86
106 66 11 0
118 5 28 64
39 0 10 55
138 42 11 28
188 49 98 23
6 99 46 38
46 15 80 91
160 19 78 18
38 41 18 8
46 98 73 85
99 35 92 37
77 4 17 18
5 67 93 11
67 92 1 13
7 82 4 67
101 34 85 91
75 55 0 21
54 25 58 53
60 51 42 38
55 59 8 12
126 1 75 93
193 77 58 53
11 63 20 64
49 58 56 77
65 8 50 19
33 9 72 93
112 66 83 67
77 43 31 4
45 6 49 90
83 60 43 46
175 16 11 24
26 67 1 91
175 52 63 8
113 87 53 25
154 89 44 31
184 75 87 29
133 89 72 69
49 67 15 76
35 26 0 13
193 54 57 20
58 20 80 71
7 34 96 61
75 92 45 59
167 84 41 0
125 65 69 26
184 37 2 20
163 3 85 57
109 42 29 67
62 10 38 70
196 86 31 71
178 28 82 97
13 75 49 90
192 71 17 77
8 19 49 71
174 34 80 83
177 10 50 39
20 40 9 68
26 93 39 56
21 73 5 86
101 55 77 93
78 46 70 86
165 19 9 92
154 42 27 83
152 30 22 24
70 32 92 49
77 83 5 50
108 11 37 9
118 66 55 96
112 77 34 29
97 43 73 3
85 1 86 89
131 60 65 53
144 9 2 21
144 60 72 5
123 61 66 93
127 21 89 91
99 23 72 48
18 46 3 56
199 89 97 82
101 63 87 46
124 90 67 69
102 91 74 77
152 40 70 31
14 11 22 13
86 47 61 56
145 16 12 44
57 10 78 58
125 65 4 49
107 24 70 61
115 96 38 20
89 60 51 3
123 26 68 9
173 29 18 18
145 30 14 2
192 92 12 17
109 69 19 17
93 41 78 60
38 69 80 27
81 84 30 5
10 98 66 83
179 84 53 76
67 67 30 59
11 94 29 72
163 0 89 56
141 20 69 79
41 1 58 74
85 40 79 47
190 98 30 69
134 35 97 1
54 79 13 17
74 94 90 37
46 31 46 87
103 15 19 44
116 77 19 54
170 50 1 60
48 84 82 35
19 79 36 26
11 1 43 85
147 33 74 93
17 20 81 20
87 52 65 56
181 36 10 51
38 63 12 39
47 46 74 19
25 62 45 36
164 40 73 11
126 48 5 43
68 38 63 56
42 28 64 23
116 74 27 55
37 39 94 37
185 68 56 62
30 53 51 46
93 24 10 19
124 67 62 45
105 78 53 99
58 17 22 75
91 49 82 80
40 76 17 77
196 25 92 78
130 43 77 24
19 87 95 96
154 10 41 11
88 94 10 46
11 84 73 54
34 55 34 26
31 4 56 79
81 48 10 12
43 87 88 14
26 83 10 32
45 51 43 33
45 5 80 8
189 53 62 75
61 49 54 44
105 10 24 86
158 86 50 1
73 38 15 51
74 78 83 19
29 78 53 27
83 85 35 24
190 50 52 51
151 6 96 56
168 72 94 26
158 45 79 31
35 46 34 9
124 17 29 6
95 34 33 30
71 20 54 61
170 58 65 73
116 61 29 84
185 24 62 43
21 93 26 56
40 60 66 16
177 47 22 72
133 7 54 4
28 8 17 50
119 82 24 35
195 53 72 32
29 86 75 2
180 1 59 72
113 77 88 90
76 63 14 9
170 68 65 98
129 34 1 0
169 25 87 64
30 59 97 12
46 24 14 78
78 73 50 91
2 90 34 78
53 48 39 24
169 4 74 50
139 75 50 8
152 37 24 35
49 73 47 95
150 13 25 28
139 75 19 41
165 53 72 19
154 11 95 23
168 21 25 59
197 75 19 1
164 95 36 13
169 35 60 71
49 85 99 88
60 70 81 26
124 53 97 30
65 92 5 33
113 30 92 62
5 63 16 69
58 4 35 79
40 95 50 41
81 49 29 41
20 10 19 96
116 68 78 81
60 83 66 26
13 10 40 70
173 56 91 31
113 26 11 53
22 61 46 3
163 75 96 35
37 68 83 5
136 61 86 49
44 4 75 9
14 67 79 39
176 70 71 89
49 34 94 71
147 40 26 62
67 74 97 56
142 32 62 79
193 0 28 37
5 55 46 71
22 77 11 50
0 34 91 49
120 85 20 67
77 98 82 44
72 79 53 15
164 15 46 57
115 74 47 72
129 45 44 3
123 7 6 23
93 97 72 13
183 44 32 60
194 14 57 66
146 10 33 10
177 79 67 92
153 66 17 34
112 13 90 35
20 96 58 65
45 82 78 80
78 10 41 72
177 50 38 23
12 24 85 89
3 4 33 9
171 50 95 83
15 37 18 87
185 28 52 31
62 30 11 40
193 4 12 22
154 2 45 66
26 82 7 82
186 41 43 57
91 38 40 59
28 10 46 13
90 99 44 52
181 56 92 74
12 56 48 19
111 45 85 89
27 45 71 14
86 66 23 29
5 16 88 85
178 35 98 69
134 95 73 15
51 18 42 15
74 90 34 85
88 72 75 15
117 98 81 3
165 5 32 22
73 73 7 51
108 57 72 94
52 46 61 55
64 55 71 90
98 5 76 86
129 3 1 46
153 83 49 70
140 34 44 13
7 51 16 67
61 89 61 13
135 74 21 51
130 92 41 28
149 69 14 79
124 15 25 78
50 27 0 90
13 45 55 72
48 72 39 9
13 52 75 48
126 96 99 8
88 40 36 89
162 2 68 86
70 46 64 20
25 65 63 38
62 70 10 10
142 1 20 7
5 95 55 83
91 6 92 31
199 80 20 61
83 41 47 53
87 64 73 12
181 88 2 43
59 12 53 53
65 73 61 70
120 68 53 11
127 97 94 26
78 15 39 61
108 38 66 95
2 91 59 83
180 61 78 91
25 32 44 90
57 57 12 30
26 65 93 53
63 88 31 93
155 22 54 63
60 20 58 63
11 69 98 43
182 77 34 59
61 31 49 70
188 13 0 66
130 94 71 45
82 2 38 37
124 44 0 37
116 10 0 28
131 50 23 13
79 58 72 40
141 73 11 29
186 63 96 16
57 19 14 39
22 52 28 98
97 28 35 13
90 87 93 21
138 69 86 69
179 58 10 20
183 73 49 21
36 97 90 94
17 4 85 91
56 14 41 5
94 29 19 37
16 64 58 6
33 45 76 12
155 38 32 91
163 34 12 51
183 2 97 52
6 83 95 63
49 37 68 95
166 39 32 34
4 43 93 89
140 69 54 95
159 86 38 22
172 51 73 8
153 71 60 60
6 56 75 7
45 95 2 63
135 35 97 91
30 90 32 70
111 86 17 22
25 56 96 97
107 70 57 12
193 18 24 51
26 99 58 23
195 60 86 82
147 35 25 29
78 57 99 41
144 17 64 69
25 12 18 84
182 28 96 27
198 21 30 24
72 88 99 19
1 37 1 0
172 78 30 2
136 29 44 32
198 60 53 75
72 23 59 7
151 8 86 49
81 17 25 53
105 24 25 58
61 78 59 86
157 89 88 45
70 84 77 21
144 30 96 69
5 8 76 57
116 14 6 49
131 84 2 89
108 79 47 22
158 6 8 15
147 48 60 70
133 89 91 29
171 39 98 76
147 26 33 15
141 92 64 72
176 19 13 36
198 61 58 8
19 18 23 67
67 35 37 52
76 80 81 47
19 32 24 19
58 9 86 51
101 51 76 29
22 89 66 72
50 76 81 70
147 56 89 66
144 78 18 20
110 51 20 81
183 44 0 94
105 39 97 59
42 73 88 64
63 6 36 65
135 69 87 82
126 28 48 22
106 18 42 68
169 62 50 5
58 2 51 64
41 48 23 83
174 63 47 37
22 36 54 57
5 42 91 83
170 91 5 29
109 0 97 30
114 47 35 73
50 38 89 91
87 64 27 61
179 74 50 1
162 4 10 20
198 1 55 69
92 13 50 1
113 47 32 79
147 19 52 97
10 93 40 97
109 67 10 89
194 12 90 8
168 1 28 67
54 84 88 47
197 38 0 62
137 84 41 84
156 46 33 66
91 26 15 1
145 25 90 91
189 32 0 57
85 28 76 40
164 64 39 13
154 39 75 44
24 69 80 80
115 66 46 6
92 13 7 89
38 49 81 79
134 33 36 19
13 13 11 78
129 50 43 36
90 19 80 66
188 60 98 55
26 96 61 70
9 21 60 99
22 93 78 56
126 66 28 91
79 39 69 61
190 65 97 80
36 77 98 24
189 96 31 16
192 44 38 1
17 50 0 40
143 30 48 21
196 76 13 28
116 34 89 6
199 38 38 35
15 36 11 56
84 94 24 76
39 63 29 56
13 81 48 57
111 97 30 7
73 95 35 89
130 76 95 81
14 85 17 81
21 80 38 5
75 62 33 66
177 62 22 91
143 71 0 6
168 30 66 41
178 53 83 8
30 78 89 96
16 58 78 37
91 68 95 66
82 28 32 60
143 6 3 38
29 55 45 97
37 11 91 15
16 74 23 46
4 65 95 20
75 73 10 66
193 5 84 27
85 68 39 28
175 42 67 4
97 64 54 35
127 97 50 43
23 26 42 27
43 37 0 18
62 10 85 7
67 21 34 4
190 74 33 17
68 52 73 18
168 27 5 95
124 7 90 47
85 32 27 28
21 79 47 35
41 84 42 8
5 77 12 95
103 97 64 23
1 38 93 69
165 50 16 42
58 7 41 95
91 20 24 65
99 23 0 40
107 43 0 12
172 65 60 27
62 24 2 64
62 96 85 80
46 2 74 56
161 15 52 52
88 76 17 87
199 70 80 58
113 80 70 37
197 82 64 60
59 66 76 21
62 13 53 61
167 27 17 28
95 21 33 35
149 2 22 48
172 54 58 37
187 29 74 84
63 38 96 22
57 24 96 19
190 49 32 57
29 2 86 24
23 71 59 73
173 33 73 98
40 32 35 27
113 10 63 76
100 12 51 57
88 47 77 78
96 61 36 25
163 74 1 87
45 12 12 18
98 85 16 38
17 52 17 82
14 32 59 14
144 10 72 33
109 1 63 5
62 99 83 26
173 36 65 18
49 77 89 47
14 57 85 32
109 54 66 75
186 25 90 31
187 62 16 96
163 79 54 77
31 89 55 56
125 20 75 74
149 16 21 64
173 58 48 35
112 14 10 51
92 52 82 31
114 50 28 29
181 34 59 64
23 14 21 48
35 48 75 36
164 48 0 37
107 48 24 71
63 35 22 7
39 56 38 54
158 18 35 92
152 94 56 27
161 77 28 48
25 3 84 41
51 85 31 10
185 55 34 0
142 56 7 82
165 46 88 23
64 75 67 69
70 24 96 83
1 76 31 79
179 15 20 83
152 51 45 38
59 79 90 1
88 98 35 5
196 23 80 60
199 48 81 21
72 30 4 25
106 87 4 86
102 77 21 7
180 18 97 39
98 87 93 38
137 28 43 33
104 23 46 3
71 27 76 95
157 32 21 16
119 77 2 73
154 75 32 35
93 29 26 43
169 19 81 6
48 76 92 52
152 90 7 75
169 35 71 79
67 44 95 86
21 49 11 28
24 44 63 69
25 89 13 94
61 46 53 9
175 45 13 27
135 72 2 56
7 25 35 26
69 30 64 43
179 75 71 3
71 86 25 97
175 38 91 36
36 44 97 11
141 62 38 28
186 93 85 45
70 20 71 92
3 87 35 82
163 6 38 86
92 63 83 19
153 75 8 89
71 57 1 65
72 91 45 58
36 30 4 7
3 27 99 6
15 86 40 30
192 78 16 36
41 52 7 46
79 67 36 50
25 89 67 49
132 13 7 69
195 63 28 98
143 27 56 10
113 97 40 57
175 8 45 69
60 4 67 39
172 55 42 49
196 9 98 29
74 57 50 70
73 78 20 16
57 77 26 22
26 18 31 53
178 76 74 39
132 42 78 56
97 72 5 94
34 55 75 8
165 25 78 38
103 99 6 12
128 84 34 54
154 65 59 32
93 34 71 25
76 2 34 25
74 39 19 8
147 46 69 12
171 47 2 26
98 8 38 78
144 72 32 98
137 44 30 82
78 2 8 54
56 94 31 82
185 3 43 32
149 12 96 21
59 98 47 10
158 86 88 54
58 73 52 48
117 83 30 95
137 90 1 45
84 32 27 70
135 70 54 85
82 51 58 94
1 5 4 12
143 92 66 2
17 71 2 34
6 84 81 43
75 82 40 11
67 67 33 54
38 88 39 72
191 49 66 44
55 22 8 98
15 27 52 84
198 6 19 4
191 0 99 18
135 39 29 2
6 63 56 96
103 48 21 46
97 87 90 4
110 51 55 77
78 59 61 76
166 32 80 57
85 31 27 20
70 56 74 28
71 82 25 26
30 46 72 80
185 15 36 47
66 43 76 96
103 90 72 21
22 4 30 59
135 57 79 57
113 5 85 37
88 62 15 70
160 88 2 46
55 39 45 73
182 22 69 37
64 41 58 86
97 88 98 84
45 77 41 11
135 26 0 23
41 15 93 1
155 96 99 10
187 45 83 69
19 4 59 83
145 17 21 94
158 71 78 55
149 19 18 84
198 18 59 39
186 52 92 41
100 92 52 87
89 87 9 60
192 68 95 89
137 68 84 95
140 14 51 41
134 69 77 84
40 36 23 26
40 15 67 41
159 71 80 48
11 89 60 55
109 55 96 47
124 80 94 64
95 97 57 81
167 34 65 59
22 40 85 62
7 4 55 67
128 36 67 91
77 28 46 39
183 42 86 59
75 32 75 22
130 32 55 49
18 20 8 40
12 45 3 19
1 10 86 81
98 54 72 76
182 70 67 17
13 5 77 40
37 4 14 67
137 69 16 7
41 76 48 53
73 3 72 75
13 59 8 12
165 81 40 99
51 7 16 16
112 45 56 49
102 70 69 39
91 37 98 32
166 46 85 39
49 58 66 63
69 75 27 86
8 67 85 59
74 1 76 38
199 84 39 1
7 8 92 98
98 90 83 64
189 68 55 38
178 74 53 99
1 80 85 9
99 70 68 73
124 96 63 75
133 3 76 40
163 20 90 13
10 73 29 99
94 85 90 24
111 43 24 12
176 9 21 75
32 41 1 56
190 64 31 23
119 59 15 35
179 57 0 41
83 30 93 77
67 83 1 78
78 77 90 6
187 11 82 71
104 35 79 94
99 62 69 71
21 36 58 52
94 58 93 77
188 38 6 55
21 59 85 52
37 75 58 76
38 92 47 43
127 26 89 79
88 59 2 61
47 60 13 41
18 6 70 59
45 76 66 18
36 52 22 73
27 33 49 18
125 48 13 5
174 2 36 14
13 38 75 61
98 88 54 68
146 25 27 43
153 46 62 41
98 36 14 77
169 15 95 47
115 8 4 89
63 40 3 76
178 30 89 28
18 44 96 65
69 76 60 74
22 22 16 20
111 82 97 80
50 45 79 65
53 83 7 16
23 62 45 53
193 34 81 11
78 30 28 99
58 89 26 80
163 42 52 74
24 1 7 74
98 86 92 52
22 99 20 97
61 17 51 54
152 84 18 82
114 98 34 72
39 60 4 55
154 8 29 78
162 88 5 60
27 97 64 49
148 37 46 9
54 49 64 58
34 34 93 0
132 79 25 24
91 81 79 45
90 60 75 4
149 32 16 28
81 81 77 29
70 75 39 76
77 55 87 11
41 80 11 73
111 88 49 54
170 28 99 12
189 26 16 90
59 32 18 92
165 47 22 87
74 13 64 51
120 51 62 61
83 26 86 46
14 36 0 84
16 51 96 57
177 64 47 88
149 17 81 66
116 55 54 91
68 70 42 40
73 57 1 56
135 39 54 49
27 54 86 44
5 34 1 34
199 1 23 0
170 4 66 87
159 20 78 79
90 72 19 15
129 72 71 16
63 77 18 91
31 4 87 88
190 40 23 89
41 46 41 12
2 8 99 13
180 29 92 23
101 63 38 83
87 10 99 50
39 17 41 71
73 80 11 64
121 34 5 62
132 47 26 34
7 77 47 87
106 91 10 60
6 49 43 93
111 94 44 50
164 37 73 89
70 85 53 91
119 11 53 52
58 32 38 65
9 38 4 68
181 15 28 88
164 23 33 27
169 29 77 33
19 51 23 89
136 28 80 7
139 85 11 49
17 50 66 79
40 71 47 21
186 27 9 2
150 95 29 19
24 58 5 43
9 80 32 97
160 12 5 52
198 16 1 67
18 20 46 58
91 45 80 29
172 41 83 74
36 64 46 13
22 51 56 32
183 41 81 43
153 86 95 3
55 49 23 73
69 21 32 12
67 64 93 91
157 28 66 94
92 12 59 14
115 15 98 98
156 80 93 62
166 41 17 21
90 40 47 11
62 31 75 81
95 20 72 52
148 90 98 40
102 57 54 69
125 53 67 33
185 13 95 51
154 13 25 44
105 24 7 19
55 82 52 50
102 25 54 50
67 5 42 70
14 96 39 39
1 59 25 86
172 20 90 26
185 67 22 43
91 29 62 46
111 15 48 65
92 54 15 59
11 57 81 26
5 73 17 59
132 42 97 56
15 87 34 52
106 56 95 97
37 58 95 48
25 43 65 17
50 80 28 61
89 62 87 94
35 57 5 19
199 3 27 66
42 61 19 49
69 14 98 6
24 46 6 49
41 71 18 91
151 99 53 92
161 92 38 96
101 44 67 1
99 94 19 41
55 38 42 24
5 93 82 29
39 88 31 80
59 1 72 62
0 77 54 13
21 92 61 23
188 28 76 87
122 95 29 29
86 23 5 91
116 87 20 55
175 51 36 86
5 60 48 5
189 54 71 10
199 32 85 87
61 61 75 35
9 56 17 95
79 22 86 96
162 6 3 89
10 91 76 15
3 76 72 92
31 43 55 30
128 40 69 89
54 44 76 63
100 93 58 32
68 44 80 30
2 83 71 64
27 47 31 30
76 56 75 7
99 30 89 79
122 10 20 76
55 97 39 7
42 49 39 62
45 71 44 0
7 16 64 34
63 96 16 91
104 43 98 55
73 39 35 48
2 55 76 57
4 16 16 47
17 8 61 63
179 6 63 86
22 79 72 37
27 89 29 31
132 79 87 58
71 22 58 73
29 34 82 34
2 98 33 20
58 94 35 38
0 50 76 22
29 1 12 9
90 41 40 74
172 79 84 43
153 94 16 83
29 98 69 31
149 2 3 7
96 38 97 97
40 26 71 70
27 83 31 69
24 23 95 49
103 80 92 8
174 61 91 55
59 60 87 60
162 42 68 59
181 17 8 73
43 79 95 70
63 26 91 39
150 87 88 53
167 33 13 93
194 5 49 5
117 88 66 32
130 86 43 63
3 51 37 99
82 32 21 97
11 13 89 61
0 29 66 19
162 79 64 56
136 65 62 6
153 80 38 36
166 33 51 21
184 40 72 18
25 46 16 36
159 5 97 11
34 15 82 49
94 98 57 83
64 71 89 69
51 79 57 69
12 9 43 96
49 15 66 26
113 82 62 72
39 11 35 26
126 69 75 73
168 32 8 84
4 97 53 7
76 11 77 88
72 20 36 73
87 54 0 1
37 62 25 28
126 13 54 4
134 29 29 2
14 37 38 70
86 92 77 62
55 54 2 27
126 90 52 66
145 52 19 34
167 96 62 93
161 69 49 96
198 79 98 64
16 37 34 3
181 12 17 88
18 72 15 97
114 19 63 59
72 34 45 39
182 8 84 44
77 33 40 27
64 90 44 81
179 78 36 60
142 5 0 61
77 15 58 92
35 73 3 59
159 49 50 41
9 86 85 38
19 25 17 36
68 61 17 47
40 5 60 82
110 60 95 40
28 53 84 15
178 87 74 89
188 24 31 49
10 16 87 81
194 5 69 62
166 86 61 58
43 21 93 54
82 88 46 10
94 30 25 24
169 51 14 58
27 45 7 89
13 47 22 59
4 92 73 70
130 35 81 74
56 74 80 90
114 26 0 8
8 77 33 77
180 47 87 7
44 95 96 57
194 19 17 98
163 90 20 93
177 1 67 34
127 99 24 42
25 77 2 85
106 35 63 87
134 50 46 78
197 95 88 91
114 57 89 29
99 10 22 77
63 90 11 43
89 87 37 67
16 39 52 75
127 67 14 61
170 60 92 67
155 80 11 21
137 0 50 36
162 73 65 78
115 76 21 56
116 58 75 84
149 80 11 76
99 25 90 69
138 82 37 93
14 0 67 51
152 69 39 15
194 5 45 61
133 18 70 1
128 45 38 77
77 49 6 77
175 96 46 13
78 35 58 92
135 77 95 88
47 86 55 93
91 0 55 77
70 25 78 50
122 16 27 0
166 85 77 93
81 23 6 11
59 16 55 94
94 50 82 93
189 37 86 80
189 93 9 59
70 88 9 45
156 89 45 74
26 74 67 8
97 25 71 8
194 27 55 88
29 89 33 18
79 71 51 68
65 60 80 87
0 41 32 9
182 29 83 9
3 3 69 1
180 40 61 74
119 16 14 1
106 47 19 85
119 22 5 36
183 37 23 35
79 8 44 13
137 80 22 41
35 43 94 67
84 55 42 55
124 8 56 30
56 28 67 27
50 72 63 85
10 38 21 41
46 17 54 36
49 29 77 36
72 71 4 8
178 98 64 2
6 72 84 14
0 51 41 51
176 56 88 38
195 9 31 93
179 85 29 80
166 6 17 39
29 21 99 60
71 63 62 77
188 47 44 88
150 37 39 78
94 28 68 41
89 99 34 20
37 64 1 3
122 70 94 4
191 94 64 14
9 26 91 97
25 87 86 28
25 77 6 71
157 75 12 99
26 46 19 63
62 72 19 37
142 13 41 85
59 5 99 21
183 43 18 61
30 56 89 7
86 47 78 95
174 90 94 1
89 66 16 51
90 35 88 33
1 81 70 60
186 22 33 22
65 4 83 47
160 24 55 98
171 85 94 46
76 40 99 17
106 15 68 97
103 9 82 4
190 52 16 29
174 50 3 91
106 38 39 18
162 46 17 85
83 63 83 59
103 82 76 10
150 97 59 53
158 93 9 48
145 25 29 72
127 32 15 85
22 6 4 84
52 21 70 36
184 53 47 39
88 76 1 38
125 60 43 83
53 52 83 51
129 65 75 9
197 90 94 72
197 98 56 1
171 78 89 7
184 37 47 72
165 48 62 90
61 5 25 66
9 8 17 90
73 44 99 23
135 46 95 84
44 3 85 68
82 75 75 66
64 22 90 81
123 4 71 84
161 96 50 70
56 20 60 30
164 12 53 51
158 0 35 2
3 73 22 85
100 98 3 64
20 45 45 43
49 68 79 10
116 30 32 72
150 93 2 14
105 7 18 15
107 53 69 63
178 92 48 78
90 4 94 62
149 91 58 51
59 37 61 75
167 94 0 69
39 2 36 96
162 54 11 21
107 80 84 38
124 85 16 14
189 11 29 90
2 87 41 14
24 3 41 92
49 41 13 40
196 49 36 10
3 99 31 63
31 16 1 56
153 17 22 42
80 51 84 83
138 26 49 63
181 90 7 82
184 20 22 80
22 58 90 25
109 73 40 40
141 41 48 94
111 23 88 91
74 73 26 65
151 75 28 32
18 87 14 2
59 36 82 81
46 24 7 7
197 47 99 91
41 48 85 4
171 74 95 97
99 74 62 50
101 42 82 19
29 48 73 89
136 7 70 82
31 29 41 81
129 40 72 22
88 9 26 11
135 73 61 34
99 23 84 1
166 18 72 47
18 46 88 54
153 11 88 37
92 29 18 21
170 42 95 10
151 21 74 87
195 35 73 94
10 58 47 28
128 20 76 47
66 16 53 19
127 42 56 20
71 26 93 41
120 89 4 24
10 78 11 57
113 36 4 23
46 51 4 75
123 80 74 89
96 27 61 76
69 69 48 93
48 41 34 68
30 38 92 93
116 55 2 81
192 6 57 38
110 61 65 33
93 39 75 41
119 36 69 40
157 17 33 5
159 68 26 41
58 70 86 27
126 89 60 70
47 69 60 57
130 26 43 75
17 18 69 36
54 38 77 63
156 10 69 67
30 47 60 41
117 47 68 43
188 80 65 35
50 26 45 32
152 88 8 21
6 29 58 12
67 87 75 75
149 96 94 32
143 55 73 61
154 93 56 42
73 22 77 23
48 22 56 52
162 16 73 68
45 83 32 64
170 8 92 72
156 86 4 0
93 77 61 47
22 69 89 95
91 19 71 91
193 27 95 56
95 21 24 92
104 57 8 27
117 0 99 73
39 55 25 84
184 38 84 6
8 73 1 51
144 24 95 38
51 90 94 98
111 70 90 16
179 51 95 96
103 46 22 94
101 47 79 85
86 63 43 94
88 96 97 33
121 92 71 24
83 65 23 94
187 65 62 67
16 9 63 20
155 37 14 8
185 45 45 71
8 88 17 49
185 14 82 6
7 5 30 42
22 5 88 9
171 3 76 39
12 92 59 20
129 26 28 66
123 74 89 84
62 6 33 99
173 67 5 32
172 88 26 94
93 14 3 16
17 32 56 82
124 67 54 5
145 82 72 69
108 61 53 23
120 86 22 45
53 80 29 25
68 55 71 13
121 26 30 91
58 38 73 34
5 27 40 51
61 64 20 70
77 25 93 97
11 67 94 16
147 23 93 67
130 64 33 52
42 15 43 1
153 68 35 58
95 27 61 8
91 81 30 21
6 75 70 69
43 65 37 42
140 30 62 71
46 95 23 89
10 18 42 63
186 29 73 33
57 35 41 0
168 72 21 27
199 92 48 42
109 86 37 49
68 99 72 15
94 47 56 56
165 50 19 51
179 44 84 36
179 78 89 0
2 10 27 1
154 75 96 63
13 33 65 82
84 37 49 30
85 57 86 50
107 57 54 86
1 38 75 33
168 64 33 22
26 12 24 81
39 72 96 53
157 61 87 41
199 36 71 84
93 9 86 0
66 40 38 19
131 13 52 99
77 37 22 4
149 98 37 89
170 33 94 79
95 81 20 46
117 43 30 62
152 16 14 70
9 52 89 40
18 42 91 47
79 65 3 81
63 40 22 85
126 16 64 21
197 36 19 66
131 49 80 35
117 94 5 78
198 95 18 68
89 10 16 20
127 19 1 91
12 23 28 38
91 45 11 40
81 30 6 13
31 86 48 0
132 6 79 83
1 49 51 42
111 19 62 39
91 16 30 3
191 10 93 83
55 56 23 37
186 82 2 69
20 2 69 53
108 0 88 61
150 39 55 61
11 18 0 2
186 82 5 77
193 50 12 48
6 88 37 44
70 91 13 90
46 82 95 6
135 83 68 85
175 23 46 86
193 99 88 31
81 45 61 26
195 73 27 53
113 64 97 83
108 10 26 54
144 73 60 79
109 80 16 84
156 63 22 1
62 10 33 95
107 94 22 54
119 49 7 33
65 56 68 73
18 46 79 14
120 92 46 81
24 62 65 80
77 87 82 39
149 67 87 8
113 9 62 32
58 21 17 23
29 86 49 99
84 80 13 4
172 59 85 97
74 2 29 51
41 63 43 42
30 30 50 43
139 64 28 49
137 45 24 18
131 73 17 68
154 31 72 78
42 10 27 16
64 9 20 58
72 63 0 55
45 3 50 84
19 78 85 57
24 9 27 7
135 45 75 41
128 0 71 70
62 99 39 78
8 59 36 32
74 37 87 19
192 38 55 11
68 92 20 44
1 48 4 88
45 79 29 73
131 1 95 45
52 86 24 12
97 60 44 71
49 84 42 41
122 49 5 42
141 25 87 95
73 91 83 18
22 65 43 6
18 39 51 70
25 27 82 23
188 78 46 89
162 41 83 36
90 88 79 32
113 18 79 39
161 62 57 35
79 53 41 97
192 45 19 69
72 1 92 12
32 91 2 94
132 37 31 22
125 62 6 90
32 85 29 93
100 39 28 79
192 70 29 36
167 48 5 39
102 50 52 34
41 6 28 25
143 11 47 20
25 6 10 57
143 40 50 95
31 31 27 23
53 56 59 20
104 16 59 58
166 63 92 7
69 73 32 64
84 32 84 62
90 95 19 85
87 22 81 18
53 8 41 58
16 52 78 20
68 89 79 35
153 23 94 74
96 79 39 33
63 23 95 53
118 66 90 5
188 71 23 93
131 16 3 47
20 81 68 41
123 99 28 76
22 22 50 71
53 41 4 16
65 51 21 35
17 12 41 58
135 16 3 67
185 7 14 57
140 34 98 63
85 26 91 8
1 94 31 6
35 35 75 52
38 48 88 7
112 81 17 48
49 21 67 34
80 81 44 20
68 42 36 53
121 27 13 74
21 44 32 57
31 7 9 69
108 97 77 20
130 94 20 80
167 87 66 99
121 10 20 89
5 56 42 78
135 56 4 57
52 36 66 84
196 75 5 4
125 34 76 55
129 97 87 48
184 54 48 57
16 20 46 73
28 41 51 63
49 55 20 1
44 86 85 92
114 91 96 91
25 72 98 6
69 86 7 6
92 7 63 8
127 62 82 55
3 85 70 52
193 43 53 89
29 91 81 95
134 77 86 59
1 85 18 23
23 77 81 15
184 44 75 11
58 9 18 61
47 88 65 40
31 19 29 13
62 62 60 96
39 47 7 92
184 25 67 59
154 48 74 38
145 1 49 3
163 19 65 10
60 82 2 43
101 83 8 15
145 69 11 36
16 71 28 52
48 96 11 3
196 37 41 41
90 43 45 53
162 62 15 22
44 17 18 98
0 26 13 97
95 77 33 63
48 14 15 96
162 78 99 58
15 93 0 6
136 97 11 98
111 27 73 7
96 91 5 49
69 71 46 65
0 32 28 48
46 96 96 8
74 48 18 42
141 18 0 77
167 63 27 78
90 52 86 39
195 43 88 65
66 86 82 66
18 62 66 64
158 63 24 85
63 43 79 4
113 79 33 33
194 12 63 85
17 1 76 12
145 16 29 11
2 63 30 73
126 96 89 36
59 14 73 74
109 52 78 22
183 63 55 78
128 71 15 45
72 91 9 17
107 91 81 61
54 11 34 80
107 24 69 19
190 42 93 99
95 24 73 78
39 81 8 67
152 23 64 24
166 26 94 25
17 75 87 71
138 73 4 97
97 73 16 87
115 62 38 62
86 12 93 77
93 1 45 45
177 61 21 95
187 15 21 56
142 8 80 80
33 84 78 31
109 46 70 76
8 61 39 46
73 84 24 18
37 21 15 14
134 36 10 22
152 83 30 46
143 10 27 76
194 57 7 55
103 30 84 64
91 75 62 16
159 38 34 96
11 49 63 46
37 73 20 41
8 50 88 51
61 67 27 7
24 87 15 79
17 99 95 60
74 58 76 85
48 62 81 60
111 44 58 0
169 78 42 77
180 30 28 93
97 8 1 73
195 68 4 12
167 0 24 93
110 0 78 58
162 11 18 25
8 76 25 77
106 19 7 87
149 87 80 98
195 33 71 90
153 76 54 72
128 78 65 38
130 95 48 44
107 67 21 15
95 47 44 54
66 3 93 68
91 25 18 38
59 90 29 64
118 35 37 98
114 54 36 44
50 84 41 9
103 62 76 51
9 20 5 28
124 98 48 67
123 66 5 34
8 86 99 78
122 88 76 88
142 12 32 44
49 73 53 52
88 29 55 97
2 60 77 78
10 77 45 86
44 2 20 4
189 71 83 11
159 59 99 54
24 83 98 73
109 52 77 97
33 33 46 87
145 76 65 8
53 10 94 49
113 14 6 54
38 89 17 49
0 68 3 24
51 54 49 12
158 27 61 91
12 60 79 9
136 96 17 41
107 11 43 72
178 49 78 68
190 95 17 90
63 73 67 66
27 16 31 85
43 92 76 7
52 7 17 40
104 34 34 63
98 77 87 28
78 65 96 20
112 13 62 75
186 29 93 65
146 24 50 41
69 79 49 21
138 18 14 42
104 48 57 2
177 44 82 7
61 78 27 73
44 89 0 30
71 94 48 17
170 98 10 39
177 11 13 16
29 27 10 86
127 20 40 4
64 23 63 78
1 90 3 45
31 4 28 2
198 76 71 20
74 82 60 4
193 73 72 75
152 82 61 31
2 1 35 19
124 98 49 78
40 52 23 71
156 3 26 6
79 97 27 6
179 39 62 25
12 34 0 16
68 61 47 71
14 34 42 91
184 91 69 24
143 44 47 52
148 73 58 79
171 37 37 2
76 99 27 40
185 27 56 54
40 55 77 7
89 19 98 25
10 67 49 5
63 49 57 11
174 68 43 45
5 80 0 34
32 27 74 17
107 83 71 99
38 48 6 80
19 56 5 81
175 7 87 39
156 96 2 30
16 45 28 74
126 28 8 10
7 82 27 66
17 51 18 56
51 76 88 71
133 93 52 8
100 91 99 8
40 2 39 56
47 19 30 25
99 38 35 58
73 63 25 90
114 43 98 65
171 86 88 4
180 41 65 32
84 64 41 24
118 32 33 66
3 63 91 2
154 79 60 27
42 37 69 8
32 68 25 4
154 14 60 86
7 77 71 43
194 12 68 12
196 1 78 99
16 22 53 70
1 65 49 95
155 19 55 39
139 80 43 45
46 56 32 5
133 55 49 79
19 69 92 15
70 22 66 38
96 19 9 97
136 58 44 91
129 99 31 68
180 26 14 78
34 98 84 20
153 85 99 72
154 91 87 76
166 5 14 62
76 75 12 12
134 56 56 15
56 39 84 88
165 50 18 52
148 2 72 1
87 71 73 93
63 12 69 81
69 84 43 45
159 55 9 45
112 65 61 20
4 97 60 22
47 78 74 95
33 46 96 72
17 21 66 32
85 35 13 54
19 9 99 31
164 8 76 28
126 89 48 30
86 8 4 33
139 78 80 72
176 28 44 46
1 62 30 86
98 44 92 69
105 91 0 69
52 77 98 30
118 98 12 5
7 17 90 98
47 23 70 24
51 66 70 53
129 0 91 79
196 84 48 1
127 49 23 31
178 21 61 96
19 74 53 78
43 96 28 90
19 50 66 22
117 88 75 98
41 19 77 37
155 25 91 82
26 14 66 4
187 79 53 58
5 6 89 48
2 17 91 73
168 57 96 37
98 23 35 39
142 64 76 49
141 19 32 68
185 50 72 24
29 25 83 35
84 24 35 38
193 26 12 13
36 8 50 34
183 37 25 78
101 53 27 95
173 11 63 10
61 35 35 43
113 70 78 97
194 65 87 87
192 99 53 80
159 3 66 43
93 91 21 46
44 0 41 69
112 4 80 73
192 15 16 5
185 46 54 31
112 41 70 56
193 23 88 52
79 54 47 72
97 20 70 93
121 12 63 85
68 95 58 60
10 27 17 47
125 23 78 37
117 0 45 10
176 33 14 55
87 14 79 36
34 49 30 7
13 45 92 34
140 3 46 50
82 16 49 7
39 79 97 56
179 42 18 55
28 85 62 67
199 41 4 85
143 34 93 8
79 37 42 19
92 41 21 74
57 22 34 96
1 83 5 32
125 23 40 5
8 2 73 59
96 77 45 39
163 90 99 42
79 94 13 72
135 86 98 92
8 32 40 61
115 45 93 93
21 33 98 81
136 71 41 32
48 86 23 63
28 22 57 7
116 70 79 3
8 78 95 68
162 36 29 78
33 23 23 6
156 21 88 44
145 29 28 45
167 51 9 47
126 66 54 94
189 86 98 97
16 45 18 78
133 47 8 19
22 31 25 31
105 13 75 50
194 56 95 13
7 4 60 85
123 67 32 12
153 82 61 69
127 79 99 13
179 8 32 1
139 9 32 44
123 60 46 69
16 42 35 75
98 47 61 21
14 93 85 19
75 47 40 54
78 40 19 57
48 51 59 39
61 91 36 36
51 82 57 19
176 92 95 75
40 56 48 6
101 86 26 28
185 18 82 63
58 2 73 6
5 32 98 18
75 34 6 79
116 16 98 45
108 93 72 0
101 20 59 54
158 85 82 43
103 17 7 14
71 80 72 76
164 70 47 91
56 5 22 25
121 73 70 30
118 42 82 20
114 41 74 73
78 57 16 34
126 75 48 97
7 20 73 23
143 72 67 99
178 89 24 99
162 46 81 81
88 16 53 55
57 27 28 36
36 96 22 62
124 70 59 83
42 85 7 37
57 74 89 87
115 13 39 78
12 20 11 0
36 64 7 46
143 87 82 32
184 4 46 60
26 58 43 20
143 2 58 52
128 47 92 44
12 31 74 24
3 37 77 40
101 84 86 96
72 20 28 8
176 27 20 54
85 15 74 80
18 84 84 98
83 76 94 96
107 20 72 11
57 1 3 58
138 41 7 62
161 35 22 89
114 42 43 99
57 69 79 27
54 64 78 37
40 72 85 0
93 10 63 50
111 66 61 1
7 68 63 20
155 37 61 70
179 4 21 89
125 1 68 79
17 46 69 57
19 6 9 64
16 72 14 80
90 27 81 97
147 97 69 3
186 30 25 66
86 46 7 12
99 75 43 16
122 64 26 93
171 35 57 39
60 23 19 50
151 53 0 50
2 21 53 88
52 30 6 38
129 13 2 28
41 46 97 15
162 23 8 33
10 17 73 70
192 44 73 43
49 25 94 3
46 99 92 98
82 50 89 63
16 43 43 57
89 40 72 52
15 32 37 78
1 62 0 93
159 73 89 60
98 35 64 45
86 56 95 68
158 84 31 74
28 75 31 69
67 55 73 83
39 63 13 40
77 13 86 36
187 75 97 37
110 61 34 96
69 30 17 79
66 0 54 46
27 85 68 95
93 93 30 32
56 43 25 34
156 11 22 95
138 71 85 48
184 19 96 5
101 13 85 68
66 39 66 93
76 34 88 69
128 70 54 36
165 79 22 74
42 97 69 80
168 6 80 53
26 76 10 27
42 95 47 8
186 14 1 63
48 42 32 28
164 38 17 30
169 39 4 11
136 25 43 57
132 23 10 10
100 72 89 94
168 37 54 54
3 7 69 3
1 2 32 66
192 1 96 62
140 52 73 29
129 17 86 13
40 48 23 92
120 65 38 88
54 92 95 57
0 64 60 1
118 44 19 11
45 67 73 38
19 98 67 1
67 53 14 60
53 90 4 73
55 43 14 9
87 9 66 39
125 78 41 96
123 12 7 20
80 32 10 51
82 77 52 50
182 67 10 35
57 14 9 64
109 75 73 97
136 91 36 61
69 29 57 44
142 16 17 22
0 27 25 83
157 78 85 39
45 95 27 54
61 88 18 71
63 43 68 99
134 56 12 55
186 22 0 80
138 17 54 91
96 79 26 53
57 11 93 54
58 72 8 19
160 78 42 75
21 62 26 55
119 38 11 57
160 63 37 51
32 91 42 28
70 68 82 28
179 27 34 89
151 95 8 11
173 51 38 95
65 64 2 84
102 65 41 15
128 78 66 12
121 60 41 92
180 75 72 11
54 6 0 5
1 60 68 27
63 6 74 29
70 76 13 24
94 7 91 74
37 57 87 59
69 80 3 49
55 75 60 9
133 12 66 87
173 34 66 36
192 40 65 14
168 31 90 62
138 82 37 27
91 76 86 61
156 89 62 63
116 75 24 2
87 90 89 60
176 7 49 68
47 14 34 15
45 24 30 35
6 19 63 98
95 1 11 3
43 73 66 59
48 90 61 36
32 2 48 8
9 97 28 8
12 62 24 9
38 6 97 45
25 12 95 72
13 6 75 56
31 93 68 80
183 29 68 15
84 16 75 45
66 3 54 78
117 30 39 55
188 88 0 13
0 47 37 66
105 64 22 37
57 90 69 92
72 37 59 8
5 34 53 71
189 59 1 6
141 93 61 29
181 14 94 34
13 31 0 19
195 74 8 52
17 29 44 89
66 3 49 23
89 54 47 78
166 48 36 7
193 98 37 27
164 83 61 77
15 13 48 10
187 8 15 4
137 11 45 3
167 94 79 56
1 26 87 67
126 23 74 20
173 63 47 89
147 8 19 62
21 67 24 60
76 91 65 13
103 62 69 22
109 0 30 10
126 69 77 4
93 3 24 18
119 71 60 66
31 79 80 4
98 56 65 26
148 82 92 3
196 61 77 5
113 7 67 91
77 96 95 22
100 20 92 19
43 52 37 27
183 17 31 82
25 48 8 73
182 0 28 79
113 57 36 78
65 4 69 94
0 65 16 52
37 60 23 80
165 60 7 48
77 91 30 55
191 91 28 26
43 9 57 9
166 93 87 83
49 57 77 2
174 45 54 11
106 30 91 71
90 51 71 20
194 54 75 37
145 55 63 40
16 72 49 83
166 89 18 67
98 96 21 72
193 28 83 51
158 26 74 48
29 46 68 23
0 95 13 97
51 76 89 67
49 39 2 67
80 21 86 78
69 8 50 62
136 85 66 46
11 40 94 93
138 15 68 38
62 81 87 13
10 77 33 11
168 87 30 48
8 16 26 29
176 28 44 64
65 10 10 28
2 57 21 41
172 90 79 86
23 19 0 33
148 85 96 16
72 26 16 33
95 94 62 71
122 6 88 87
168 98 15 71
107 89 12 31
179 43 18 54
162 18 88 10
55 36 26 27
63 94 60 58
188 23 81 10
81 21 49 50
172 17 21 79
6 33 11 37
28 29 91 91
199 31 53 54
168 32 81 31
126 94 41 15
69 74 77 50
96 27 52 68
196 73 99 2
58 10 39 87
139 82 30 38
14 83 44 34
115 78 17 42
172 10 57 41
84 34 43 32
113 96 52 9
21 52 63 32
14 54 71 54
137 1 44 3
184 41 37 52
19 54 94 43
116 3 36 0
89 79 85 55
127 89 16 49
193 80 33 8
34 4 14 23
105 10 26 41
51 15 93 22
121 39 65 37
94 53 90 36
133 75 91 60
16 7 61 10
187 94 70 74
50 84 97 55
146 24 49 50
139 94 72 61
86 90 50 80
143 40 68 28
115 59 41 84
19 2 94 6
49 16 32 99
100 30 7 98
106 8 48 97
102 73 10 88
163 61 21 58
101 89 87 69
101 28 53 20
82 99 78 83
115 11 35 67
193 42 65 99
50 14 96 4
187 7 45 2
168 66 60 21
107 47 90 8
127 95 28 10
94 59 93 61
170 28 28 63
122 46 62 24
160 10 29 99
169 74 53 89
192 13 11 99
113 53 60 40
49 88 50 95
147 96 57 69
124 85 84 99
31 46 23 43
109 4 94 78
130 47 68 22
61 31 74 74
84 34 14 33
174 17 29 22
113 38 43 89
23 28 88 7
126 12 2 35
168 97 66 99
44 86 73 57
17 47 83 1
181 50 87 56
167 68 30 80
6 25 69 81
53 10 40 32
74 43 67 42
140 85 93 36
171 67 46 88
14 29 42 48
31 81 56 98
149 38 30 7
163 52 88 69
14 29 1 88
72 20 30 64
6 76 52 29
43 98 70 9
80 12 9 11
45 65 62 94
155 44 53 19
48 41 40 62
122 41 50 46
161 33 62 19
9 15 49 4
65 19 65 97
183 75 9 28
192 23 74 48
19 27 19 68
120 59 82 95
0 85 93 13
18 56 85 79
71 86 35 88
105 0 86 40
175 47 20 68
122 46 16 41
125 35 61 97
146 96 92 46
181 86 11 51
42 96 82 65
182 17 5 39
117 91 31 93
38 51 13 60
149 81 54 74
168 67 72 14
163 64 60 44
102 23 95 96
172 77 13 54
146 19 46 64
110 77 9 1
181 22 13 30
155 67 57 23
35 29 37 50
45 49 95 48
24 42 96 96
72 10 3 18
129 49 82 91
178 91 44 11
65 58 94 72
77 51 95 64
180 84 15 77
133 10 77 58
4 74 6 76
184 9 95 65
58 77 8 89
121 53 0 38
111 94 11 88
197 58 5 77
43 20 55 28
82 32 38 86
58 45 63 94
106 58 59 17
187 68 6 8
73 58 99 36
5 62 76 2
20 81 32 15
101 87 96 83
71 34 70 30
31 85 24 38
43 36 7 30
156 13 91 29
23 42 65 28
104 41 83 76
123 15 44 76
2 40 12 25
26 82 7 10
119 32 0 62
120 7 44 76
172 87 57 95
181 22 76 37
15 59 14 90
74 10 67 28
50 31 53 28
65 61 38 84
145 90 46 65
197 42 93 69
182 50 17 63
124 93 1 39
52 67 82 78
177 1 6 79
132 59 7 97
72 98 81 17
88 79 34 86
73 27 7 7
77 24 71 53
169 24 93 21
143 27 51 72
28 57 51 12
69 58 61 41
8 42 11 97
73 97 35 98
25 42 6 54
19 29 8 88
153 53 10 48
32 13 20 60
171 71 24 40
181 85 33 90
179 96 39 4
94 74 2 71
116 8 25 35
37 85 24 42
138 86 42 70
99 62 82 70
33 58 62 67
43 48 9 74
144 48 78 38
122 81 61 38
41 87 26 79
24 50 73 15
88 16 85 87
130 20 10 64
78 24 83 74
172 92 48 69
92 27 59 14
60 21 4 1
60 30 32 84
132 6 99 20
174 37 60 4
57 22 20 87
98 55 13 23
199 62 92 91
141 51 5 1
72 62 54 32
192 87 17 77
45 68 49 71
5 61 75 14
35 48 2 34
103 15 57 3
129 49 94 22
0 52 23 25
114 30 9 58
17 78 87 14
47 37 85 52
98 12 67 34
60 21 20 16
88 29 19 70
178 65 92 30
169 68 7 35
198 17 94 15
95 81 81 42
70 66 47 21
178 66 7 39
39 27 55 27
156 26 97 86
43 42 68 13
10 76 48 8
45 94 75 40
28 56 35 98
122 82 19 52
100 26 43 39
5 98 18 13
76 68 99 20
110 20 85 20
196 33 28 93
180 3 33 8
11 68 6 85
102 78 37 54
56 81 93 62
131 12 27 8
132 27 80 42
199 17 62 47
50 42 40 82
97 73 90 8
194 49 93 48
127 82 3 35
63 96 97 95
160 25 55 92
4 87 86 3
104 48 50 6
42 42 89 39
115 79 47 61
128 92 10 7
75 13 43 38
161 92 85 74
169 92 18 25
179 5 80 35
5 82 42 48
24 31 87 92
62 87 53 43
131 63 2 6
128 97 97 90
90 34 64 11
127 34 37 58
39 69 94 97
152 36 45 28
19 84 20 33
171 74 76 55
189 31 61 18
28 10 60 70
45 24 82 72
158 71 30 50
92 76 47 44
112 44 25 83
128 45 17 52
71 45 7 61
76 20 79 5
31 39 27 28
15 9 52 25
132 34 27 25
11 26 21 23
70 46 59 51
44 76 55 15
73 14 28 50
134 59 7 17
150 34 45 65
96 49 43 28
184 22 5 95
149 27 70 71
125 29 22 69
57 77 37 31
91 65 81 78
25 88 47 75
174 93 93 70
194 88 51 78
110 56 73 59
35 44 83 13
73 5 34 83
135 71 14 78
189 95 56 14
135 4 41 61
149 34 32 43
122 35 22 85
143 47 96 79
91 79 44 17
37 78 52 72
150 66 50 39
61 59 5 48
15 46 9 16
33 93 11 7
180 85 92 24
133 89 3 76
68 47 45 5
177 97 29 79
163 32 70 76
143 75 76 58
74 38 74 7
131 37 66 12
123 59 36 56
100 91 84 20
190 30 78 19
27 7 99 43
91 69 19 34
45 96 92 71
34 18 30 17
56 96 81 31
107 69 87 7
12 71 80 54
153 58 74 81
17 73 76 9
42 95 43 87
143 88 10 29
58 40 99 66
137 80 97 44
102 36 4 14
108 84 69 13
142 43 46 11
16 22 20 10
170 16 50 13
156 60 95 14
1 94 33 38
126 30 34 28
167 38 43 27
174 12 40 16
107 87 80 75
161 52 85 31
68 35 45 76
96 92 43 97
186 76 87 12
6 21 41 25
12 36 4 86
0 45 55 7
84 35 34 45
187 19 77 8
155 74 84 3
118 79 52 4
55 39 68 14
112 61 39 76
97 44 63 97
141 70 56 77
57 90 22 96
110 51 56 17
77 93 72 95
172 24 51 28
63 20 42 27
33 33 4 31
177 19 80 70
41 89 47 98
179 22 46 41
173 3 10 3
96 82 98 20
6 2 48 21
174 42 49 7
176 5 90 5
124 71 76 65
112 23 15 91
197 13 85 23
16 95 26 64
78 76 37 36
78 85 58 4
80 59 12 56
64 2 61 40
125 89 57 37
65 72 81 62
37 18 85 54
13 63 70 43
140 7 32 70
145 90 75 77
1 39 33 65
193 46 57 71
188 14 60 53
86 41 67 23
59 5 29 25
68 52 20 60
11 52 31 8
94 58 85 95
197 70 12 42
17 69 13 57
83 74 10 21
167 29 97 79
34 78 4 3
30 24 15 94
77 46 2 71
156 40 19 5
10 31 48 79
1 61 36 36
135 98 58 55
80 55 34 14
185 38 69 16
14 85 62 91
83 16 15 92
156 86 97 19
117 45 98 70
7 87 7 94
37 17 49 17
124 83 84 9
173 5 77 88
42 39 31 26
8 98 70 64
184 67 35 54
113 86 76 72
73 35 18 62
152 20 32 28
155 16 38 29
21 67 69 16
159 52 94 67
51 64 83 87
131 19 93 96
5 70 20 30
5 39 92 10
111 24 38 66
92 28 95 66
196 16 82 55
69 76 74 20
140 57 59 23
76 53 20 81
123 40 11 80
131 56 42 42
180 33 9 25
13 56 91 9
73 73 16 94
101 42 66 41
100 25 16 28
78 36 10 53
77 73 86 60
181 28 3 62
161 12 39 27
120 30 88 93
155 5 87 56
99 53 49 99
31 65 28 9
54 90 15 83
115 1 43 97
81 46 11 95
110 50 22 31
132 10 76 87
167 64 95 67
69 96 18 52
161 98 14 67
188 29 50 56
82 94 5 63
92 16 58 3
18 32 34 50
43 10 89 62
26 84 29 48
132 48 0 45
98 66 13 39
95 63 95 77
109 0 93 54
68 3 57 86
36 43 88 31
105 77 93 32
13 75 32 45
175 84 90 73
151 55 12 98
171 7 28 80
159 21 34 27
176 43 65 64
86 53 95 92
182 41 76 95
116 60 92 91
96 35 64 47
190 29 46 61
36 26 94 48
147 80 75 75
124 41 40 62
94 35 54 77
176 82 24 44
94 69 35 91
104 52 90 46
81 88 8 69
114 54 17 13
134 45 89 58
186 29 21 32
116 27 61 45
62 38 89 56
107 77 99 63
181 90 9 62
78 69 83 93
123 53 6 58
198 47 68 36
176 41 68 93
121 82 38 83
172 79 91 79
156 91 94 89
33 3 3 11
173 87 56 96
40 15 6 90
62 75 26 91
16 46 84 37
180 74 72 52
105 16 83 14
107 77 3 40
181 7 3 6
194 60 54 86
27 61 76 89
188 54 80 56
100 16 46 33
42 18 85 48
34 69 62 93
98 17 85 79
24 89 37 70
1 92 8 28
105 84 17 93
90 50 49 43
18 95 76 61
166 13 61 52
34 75 46 33
92 31 64 69
172 2 39 73
146 48 1 51
184 71 44 27
21 93 70 91
41 98 4 59
11 65 11 46
192 9 79 37
93 43 6 65
197 45 39 43
45 40 94 82
63 38 9 36
84 79 28 77
29 32 36 40
198 99 86 42
9 17 79 2
113 85 67 10
183 58 6 80
151 0 62 14
91 71 51 27
102 79 4 31
111 92 24 61
91 62 4 0
180 83 2 93
21 22 55 4
80 61 84 31
114 99 46 5
70 97 84 25
128 40 8 91
32 32 53 23
95 9 76 27
144 30 72 65
52 27 21 85
141 58 16 55
157 14 12 79
163 96 4 91
136 65 83 20
197 88 95 44
49 71 23 93
102 95 11 6
75 32 91 16
42 60 23 99
174 87 79 90
35 83 33 23
100 16 43 98
56 38 94 5
162 18 51 16
165 62 22 40
146 66 8 89
78 31 88 4
170 19 94 5
155 28 28 55
196 23 5 5
162 0 62 24
70 13 92 35
27 14 76 26
32 84 15 62
68 55 67 90
175 13 96 82
141 76 37 90
0 43 95 14
43 57 90 13
23 82 0 50
96 76 76 81
13 43 43 33
51 62 23 26
76 71 60 69
48 97 59 0
40 6 14 35
16 4 0 39
186 1 41 34
129 70 67 42
13 63 27 64
125 51 42 53
74 2 23 74
52 34 74 92
193 40 28 61
44 28 52 82
181 93 69 11
115 36 5 29
199 33 45 77
36 40 30 10
194 5 85 46
192 11 39 85
152 19 46 48
199 98 31 81
43 0 92 59
88 97 40 40
182 37 17 18
77 99 29 72
5 66 70 97
77 9 34 29
180 32 30 80
82 61 13 77
113 57 36 1
6 28 93 89
166 10 7 95
10 88 67 67
106 38 16 84
99 2 65 32
34 95 64 68
108 77 45 73
186 82 27 92
162 20 33 28
183 93 24 93
133 43 12 40
33 28 24 85
182 41 17 16
189 81 84 49
110 29 23 96
163 2 88 26
22 74 6 5
67 30 50 0
26 14 40 59
194 16 44 76
110 61 44 51
94 28 0 4
10 75 0 73
177 41 51 52
115 58 9 34
140 12 86 18
26 79 78 21
95 74 49 57
136 94 8 82
74 9 87 84
136 87 10 14
28 13 66 95
71 27 29 64
139 16 82 18
195 12 91 42
87 40 52 75
134 60 57 9
21 44 45 58
184 55 24 12
69 42 60 92
169 41 8 9
157 43 27 4
55 18 99 94
110 3 69 97
115 79 6 89
123 3 47 7
11 23 72 80
65 84 24 34
125 85 95 83
128 74 39 83
144 90 30 55
193 99 52 61
30 10 50 54
13 49 13 24
172 37 56 37
121 33 23 47
18 71 82 46
97 73 81 42
116 11 49 61
163 53 22 93
63 72 99 28
21 65 5 45
54 13 34 28
146 58 27 16
181 9 62 78
134 96 72 50
159 73 64 22
126 86 68 41
11 67 22 84
184 79 30 39
92 64 67 91
174 94 7 55
55 22 86 41
18 10 44 77
84 8 52 62
146 20 4 9
87 26 94 24
105 76 63 49
40 82 40 67
28 0 74 83
122 60 76 40
23 20 69 59
128 21 21 27
41 25 36 81
103 82 5 60
158 20 10 99
102 2 66 82
2 92 17 24
53 93 16 28
14 86 87 94
7 8 73 1
186 10 34 89
192 39 2 51
11 64 2 13
66 20 95 69
12 12 45 17
157 62 45 71
0 84 18 59
193 91 60 31
53 94 72 46
85 74 49 96
38 3 61 5
23 8 26 87
172 71 5 30
185 2 1 85
87 71 45 32
163 5 63 16
52 35 14 37
62 15 86 0
118 47 57 41
56 83 29 28
107 86 58 92
88 12 78 27
83 75 59 98
32 74 67 84
10 33 74 72
49 60 24 67
107 82 61 63
165 90 92 24
76 2 17 16
66 47 44 50
122 55 0 54
30 19 91 40
153 65 64 54
125 88 21 32
22 82 48 40
124 92 64 52
194 33 21 13
180 65 63 54
20 15 61 2
187 4 42 40
69 58 94 46
199 67 30 21
102 78 61 78
122 78 31 69
111 52 82 44
169 97 50 41
12 11 44 99
67 38 91 36
149 37 34 48
57 65 21 59
43 83 37 66
161 20 87 24
124 69 68 45
66 19 87 30
82 83 30 50
21 73 38 70
163 73 70 20
38 92 31 33
27 68 51 40
41 38 64 65
7 85 63 73
104 50 4 86
185 86 88 6
111 27 29 74
0 51 46 38
95 77 71 74
46 75 14 39
113 31 56 21
116 19 46 72
21 2 10 6
40 99 65 52
78 46 78 78
197 25 68 93
2 91 19 0
66 34 91 80
17 48 53 85
19 99 57 41
154 19 47 94
118 64 98 96
10 29 26 60
6 94 5 8
186 24 61 4
10 52 84 27
52 37 12 72
189 21 13 95
41 12 41 11
77 92 60 39
121 86 99 27
133 56 87 71
81 48 75 91
153 12 19 5
49 83 29 90
57 94 37 98
7 79 61 36
171 73 27 44
12 79 71 45
135 58 68 16
59 43 60 64
55 79 21 57
114 51 99 71
45 37 21 4
68 35 92 39
108 20 35 20
199 6 65 34
16 33 3 27
29 63 91 36
94 65 93 60
16 93 32 13
82 5 18 50
40 10 41 1
182 76 21 81
134 39 68 50
24 23 30 53
86 21 90 32
138 35 92 54
180 76 20 62
82 38 64 74
100 57 75 35
33 49 68 19
188 36 22 64
111 52 18 97
25 60 29 64
147 74 18 28
150 38 42 84
128 59 11 81
116 86 16 2
87 84 21 75
173 43 40 84
195 10 34 73
22 15 37 21
89 7 49 92
198 44 76 78
155 87 59 71
126 27 25 13
12 99 41 37
142 33 73 90
195 7 15 69
123 52 90 64
159 92 56 57
36 33 36 43
72 47 14 98
75 92 64 39
191 57 28 85
142 1 75 37
109 42 58 84
94 48 48 6
192 5 15 80
38 3 23 62
151 90 13 78
182 77 69 73
86 97 58 28
198 86 17 59
128 27 43 23
75 92 81 20
49 96 0 39
0 24 1 3
14 14 81 96
43 50 21 29
99 79 9 49
117 78 9 46
105 52 21 33
96 2 53 45
98 53 84 50
29 38 53 95
152 86 91 96
36 12 77 87
44 39 37 61
69 46 59 75
150 80 60 99
134 65 44 85
70 81 35 0
119 89 95 23
127 39 19 64
103 49 3 47
140 40 61 9
138 20 36 89
1 96 88 87
161 84 72 32
17 8 84 36
49 79 60 76
170 31 92 74
132 96 21 72
188 34 34 27
55 70 68 8
119 56 95 32
192 68 16 10
28 0 98 29
32 10 5 2
94 50 28 78
98 50 3 86
36 37 65 91
159 33 99 78
141 47 63 86
115 79 96 95
132 46 24 64
109 81 18 55
131 47 33 81
149 36 20 85
125 85 77 85
71 28 15 12
75 78 98 42
58 46 37 42
45 61 6 54
195 24 9 26
123 94 60 72
131 80 58 56
65 87 93 36
15 9 1 91
187 99 85 97
98 23 39 43
136 97 49 31
174 10 10 97
104 70 70 35
102 28 44 19
115 37 8 82
146 9 73 86
60 11 35 58
134 27 53 22
76 2 6 50
12 16 48 69
138 18 4 40
98 0 11 65
38 19 47 36
28 73 74 41
84 10 51 70
89 5 92 65
59 98 16 24
166 16 93 56
34 49 48 84
50 60 1 40
79 48 76 60
173 3 53 57
65 4 79 54
161 72 71 21
22 87 45 89
3 90 45 89
39 94 25 89
6 26 81 85
27 10 97 0
113 50 10 78
155 89 32 16
113 3 89 36
43 34 77 98
176 22 40 16
168 17 57 74
144 39 12 23
149 9 23 14
12 33 92 67
75 76 35 88
31 25 24 74
11 1 25 88
76 17 56 44
34 65 71 30
104 35 53 5
196 77 19 8
62 63 27 37
39 63 78 71
40 2 97 3
156 22 43 32
39 99 28 26
65 51 56 21
86 10 79 83
139 50 43 1
14 71 91 53
86 69 76 26
123 74 81 79
48 25 63 40
76 92 66 93
195 22 15 82
184 46 17 23
96 60 77 62
83 20 16 69
41 92 47 64
118 29 96 67
106 59 7 82
103 25 76 99
199 43 33 84
89 2 59 37
162 88 0 98
8 68 67 1
12 67 66 83
96 14 50 54
173 9 36 77
34 12 28 33
7 13 69 48
15 81 86 29
69 38 27 30
158 47 31 22
14 49 5 62
63 7 16 89
16 4 18 2
117 46 36 76
159 57 25 26
138 63 55 60
1 35 42 11
182 25 33 48
75 91 10 90
198 78 79 15
82 97 17 51
195 5 28 6
115 53 84 53
16 40 65 69
175 59 32 9
185 65 57 12
56 19 2 55
149 34 22 83
183 39 35 31
197 15 37 12
20 22 17 88
14 83 9 41
94 41 50 79
6 59 91 15
30 46 70 79
32 44 62 15
83 49 98 80
116 36 44 36
110 62 24 76
97 33 17 91
174 19 71 33
30 14 48 60
12 70 91 44
14 53 12 49
155 10 82 71
198 26 8 60
88 84 36 85
70 5 29 96
76 0 29 6
66 29 18 79
199 9 75 65
15 87 67 70
150 49 93 48
27 53 61 16
38 49 53 8
107 82 56 83
134 86 42 1
15 60 32 67
22 7 84 37
147 51 59 97
52 52 97 80
106 10 48 96
160 1 56 67
136 12 2 22
150 44 75 18
157 7 85 79
67 21 68 14
173 79 63 25
183 12 5 41
123 53 37 83
7 45 2 95
58 4 17 8
101 93 26 58
52 63 89 71
85 9 37 10
188 0 35 71
65 93 13 88
98 2 23 57
148 77 52 6
181 70 66 82
115 45 92 19
160 81 91 45
190 28 7 30
81 95 54 98
40 67 38 38
121 61 96 69
90 48 27 71
170 46 6 37
191 98 9 3
80 52 1 22
80 8 5 13
103 59 11 43
178 49 34 99
62 30 69 52
130 48 76 53
94 82 42 37
80 51 41 12
3 42 35 36
150 40 49 6
199 13 49 29
114 35 28 29
165 49 33 48
98 9 1 92
43 95 30 24
47 23 36 2
165 23 38 67
115 40 73 66
5 75 95 71
110 24 0 28
173 34 76 71
195 29 16 39
176 98 63 23
121 51 78 38
75 68 5 42
60 31 9 17
106 4 89 68
28 89 96 54
75 24 77 71
105 93 10 82
143 25 57 16
176 87 54 3
156 12 46 68
43 55 86 1
159 75 69 40
164 18 46 92
194 23 63 52
169 73 86 12
198 95 81 26
83 87 30 91
199 76 59 94
183 97 95 42
172 17 34 89
87 80 81 33
104 44 37 25
69 23 89 19
171 70 45 6
58 27 97 9
103 8 4 86
6 51 81 30
120 67 71 59
48 52 45 4
148 82 81 69
58 70 88 29
141 86 87 51
113 36 60 17
196 16 55 2
120 88 85 92
156 56 52 56
61 49 12 9
31 93 31 41
63 19 22 56
5 9 7 71
145 20 40 42
88 95 96 8
36 81 53 44
190 57 0 51
106 12 12 37
157 43 79 20
15 1 29 72
163 36 43 8
8 83 50 97
131 99 57 67
32 10 11 22
67 63 25 73
27 38 63 84
133 94 56 48
147 85 73 10
74 16 19 82
152 21 31 83
120 89 2 53
151 65 27 19
28 53 44 7
143 7 91 76
153 47 77 1
185 50 63 59
166 82 93 70
156 25 53 28
14 7 33 17
172 61 36 52
166 33 59 9
192 2 37 46
2 14 99 87
164 62 98 83
97 91 53 5
116 59 33 82
166 67 0 91
180 88 95 46
121 7 7 66
9 44 12 63
59 63 2 75
125 0 58 22
144 64 27 12
23 13 47 41
132 47 32 12
87 80 10 61
87 17 27 48
113 91 12 72
154 14 48 79
167 58 54 63
122 33 75 97
46 22 39 30
121 23 94 61
155 4 22 42
173 1 91 87
92 55 11 98
169 59 29 88
70 83 51 44
69 79 42 67
53 33 98 27
8 92 88 64
149 62 6 22
15 49 61 59
104 73 57 26
132 86 66 54
122 70 99 91
149 41 10 54
126 8 81 34
153 21 50 2
35 9 76 50
58 38 9 15
111 66 41 95
53 7 2 27
129 1 18 78
94 28 85 20
89 66 6 94
140 57 96 75
166 24 78 76
162 87 91 25
6 84 73 11
144 75 38 73
76 8 4 70
88 89 42 77
107 48 71 47
5 19 75 23
44 53 0 58
192 91 36 98
128 9 9 72
136 47 45 64
155 1 86 44
90 28 73 50
76 97 49 34
116 24 57 12
29 57 71 22
1 59 20 81
68 30 53 56
129 50 20 85
52 6 81 94
186 54 96 62
151 46 48 68
22 6 32 4
15 3 26 68
114 98 49 82
180 54 38 10
157 10 47 61
16 28 7 2
34 4 17 86
150 17 6 24
23 38 28 91
94 6 11 8
105 13 43 37
19 33 47 76
44 46 37 12
74 45 67 9
101 36 47 51
153 53 27 29
143 56 72 89
162 83 98 19
96 93 57 68
126 56 44 22
3 34 35 29
31 54 90 32
190 89 35 95
142 62 24 38
118 96 27 81
32 77 52 80
70 9 48 97
66 93 19 21
127 6 50 58
12 93 42 54
182 77 50 77
39 26 15 58
75 94 91 7
72 43 39 42
105 88 91 71
81 63 44 60
121 46 70 34
39 64 40 74
41 42 51 80
69 18 90 96
12 81 55 36
177 94 79 82
182 22 5 15
185 1 27 7
47 97 93 39
61 33 13 54
76 64 35 97
134 77 93 98
11 48 35 88
42 66 22 77
88 79 92 26
80 20 33 27
69 78 18 83
63 31 37 91
147 24 40 81
102 85 80 13
185 15 53 80
181 75 57 21
6 49 47 38
21 32 17 91
10 36 26 26
167 63 69 15
40 10 48 42
95 28 55 81
195 8 61 28
135 70 50 93
71 97 31 93
82 48 36 44
84 62 70 52
77 40 19 17
102 67 11 97
196 66 30 43
126 43 72 13
13 74 6 85
123 89 30 5
38 66 50 22
80 72 26 57
164 45 27 66
113 38 64 61
57 46 4 83
90 28 49 55
2 7 40 78
197 70 83 87
88 85 9 68
110 88 26 74
33 53 41 98
191 57 59 48
155 16 84 45
144 85 1 99
92 93 77 41
16 12 28 4
98 90 73 8
78 51 34 63
104 75 62 47
84 73 48 40
189 84 37 86
69 38 85 13
84 62 7 0
126 35 4 24
177 29 84 7
180 19 71 36
146 85 36 83
10 84 23 0
20 60 38 41
151 23 54 35
137 13 87 63
101 43 40 78
73 76 86 53
147 9 42 94
46 78 29 56
162 52 56 34
64 94 75 15
69 29 2 6
95 89 22 96
133 14 74 58
190 12 11 38
21 5 84 19
83 13 76 45
17 84 79 81
179 6 49 0
188 3 59 83
45 81 79 30
195 5 88 37
18 51 75 91
57 11 11 40
24 87 38 93
171 69 75 2
176 76 55 64
79 14 47 24
195 26 54 42
183 94 79 1
146 7 45 3
118 56 95 95
195 33 88 18
55 15 21 31
191 76 95 23
42 94 99 89
72 6 31 55
0 62 9 46
21 54 1 40
110 49 87 57
182 75 75 89
143 48 20 86
176 67 9 18
113 61 7 85
67 90 93 67
5 2 66 26
156 19 18 18
168 5 27 3
133 2 92 76
103 13 14 79
32 76 50 46
137 9 83 4
52 76 23 9
30 89 35 38
9 54 56 77
11 83 80 44
138 25 72 41
190 87 72 22
15 22 20 52
84 56 56 88
184 79 97 15
121 32 53 30
38 62 59 2
45 92 46 35
17 71 76 59
110 49 81 25
123 54 77 59
10 85 47 94
116 44 61 37
29 15 19 19
177 79 21 74
71 20 10 40
191 38 99 1
39 32 78 15
138 7 74 48
192 74 95 60
170 56 98 99
123 17 19 0
148 92 27 71
112 37 63 3
175 62 56 15
47 86 30 85
93 56 86 85
182 33 46 53
189 96 4 13
165 75 65 66
68 92 37 80
81 1 36 57
115 44 24 14
31 6 52 24
14 38 62 97
71 60 50 12
56 54 25 73
130 43 39 98
35 29 30 17
182 66 26 97
111 2 64 42
8 16 18 74
106 80 71 77
40 21 41 48
128 19 22 58
62 13 8 49
42 90 18 24
57 44 74 20
98 38 14 58
6 32 33 12
13 4 41 5
78 82 54 6
1 28 16 63
41 76 65 36
66 83 60 75
180 34 95 78
124 9 37 82
42 22 94 7
78 87 12 56
170 18 14 23
46 82 87 40
58 52 76 77
187 36 4 67
23 0 98 99
61 87 82 55
9 28 62 87
116 27 96 38
45 10 61 44
193 0 84 3
104 60 32 92
48 37 11 71
189 9 23 50
96 57 6 57
185 20 45 53
99 41 91 45
3 5 41 96
105 25 52 10
137 84 54 85
73 65 9 62
27 84 13 23
141 71 81 78
43 78 32 43
171 75 40 74
180 81 23 38
158 27 0 47
163 54 84 37
71 93 99 98
29 64 74 70
135 7 1 31
137 33 74 8
108 14 82 41
47 57 79 5
184 79 52 48
85 36 85 56
182 36 7 63
1 81 86 88
40 87 19 77
20 93 85 80
159 19 21 6
77 52 63 61
183 67 9 68
156 94 25 90
31 84 53 84
165 39 72 57
26 44 34 46
89 19 79 49
90 52 7 67
105 71 29 88
90 90 9 46
137 34 36 20
118 90 4 35
81 28 92 8
172 78 6 62
49 85 63 39
138 70 7 95
193 88 35 84
30 44 82 67
30 71 87 0
161 91 35 94
72 79 2 44
157 9 58 6
146 21 98 36
144 5 31 89
45 19 25 75
163 8 95 94
179 82 46 92
26 82 86 98
13 41 94 23
150 5 29 96
26 79 33 22
136 16 12 81
135 89 9 51
97 4 45 28
38 91 72 64
25 59 14 91
100 9 14 2
114 95 50 92
175 35 67 11
4 79 45 39
20 6 90 18
10 87 98 0
31 71 65 8
82 79 99 34
140 65 36 54
13 38 99 88
74 66 51 78
197 48 69 17
54 60 87 16
99 86 17 30
157 34 91 91
13 42 25 6
108 61 60 21
151 59 61 77
125 64 55 22
113 77 92 19
89 79 36 88
165 53 71 74
139 62 65 52
156 90 58 64
3 71 37 55
182 50 32 60
15 40 34 80
69 26 99 58
6 87 98 71
192 69 46 31
83 63 84 40
54 94 56 9
17 46 64 0
96 49 60 63
141 94 95 10
21 47 68 79
134 66 50 27
188 48 58 23
164 94 15 18
141 72 27 58
170 44 10 66
145 70 82 86
117 29 96 90
176 16 69 11
34 71 38 74
72 96 98 36
143 13 6 84
37 85 42 7
129 53 26 74
75 60 12 44
189 60 34 66
176 55 77 63
27 67 37 51
115 35 87 58
101 45 42 90
30 85 98 12
90 24 86 17
184 51 62 73
11 48 91 40
104 68 3 83
187 92 34 3
80 73 61 81
18 4 71 0
41 21 12 83
197 51 0 33
102 62 59 13
111 50 5 67
71 8 50 58
101 36 61 33
109 23 14 79
179 37 31 72
59 44 55 8
195 55 42 97
70 1 62 33
151 20 0 22
28 50 81 81
38 94 14 99
117 80 78 48
170 9 20 81
105 27 89 0
83 31 49 5
132 64 38 36
184 38 58 64
40 91 98 78
86 64 29 55
197 7 56 67
68 28 48 26
156 89 26 91
21 28 96 5
192 86 93 28
176 4 92 16
195 42 46 33
7 27 41 4
34 97 71 54
25 71 80 33
112 59 24 85
39 20 91 31
106 84 11 82
188 3 50 36
46 48 21 5
175 62 9 61
111 32 68 89
155 0 22 67
11 47 53 50
119 96 33 78
132 44 60 73
100 63 61 98
63 82 3 91
97 64 4 60
196 72 49 3
125 24 22 36
123 27 87 42
123 20 20 8
165 33 33 17
96 94 15 11
28 18 2 77
34 7 38 82
31 39 85 56
63 7 93 86
35 32 29 10
52 1 70 69
34 3 86 82
49 1 94 78
71 48 55 57
55 45 39 39
185 24 95 0
84 40 87 19
72 68 81 25
169 52 46 56
155 33 38 5
86 84 35 10
33 42 67 40
88 59 79 73
83 27 25 19
67 12 90 40
132 72 17 54
24 63 10 31
96 0 88 35
185 75 97 70
18 16 10 6
75 90 31 59
117 56 78 36
121 69 76 5
193 93 59 69
157 21 0 5
174 41 92 59
16 89 81 34
6 91 92 81
133 75 92 2
132 23 39 5
44 15 62 37
109 22 58 18
195 10 75 21
151 68 32 68
157 13 54 15
5 99 49 38
174 41 41 58
116 32 15 60
47 78 49 8
152 7 78 47
118 54 21 21
122 53 41 31
167 48 99 24
47 48 14 21
141 7 32 10
139 47 22 87
25 72 47 77
131 26 77 1
132 98 75 6
151 16 37 70
164 88 94 63
88 9 85 30
68 17 40 8
16 62 47 42
186 94 19 70
72 48 23 4
146 98 10 50
67 0 20 83
40 67 47 29
28 84 59 96
53 51 4 69
65 3 11 4
198 83 26 22
131 49 27 30
0 89 80 19
141 52 2 82
19 1 11 99
185 22 48 38
125 4 60 42
108 23 46 6
6 72 28 90
174 7 20 26
49 52 45 90
104 99 24 76
1 87 27 38
9 75 29 86
180 89 29 88
112 75 46 71
100 74 13 26
134 33 52 35
185 49 25 41
100 2 17 1
189 45 92 51
20 21 37 52
110 66 40 74
194 86 97 46
13 10 72 99
143 76 34 80
177 59 22 77
113 91 31 3
88 23 54 61
44 43 13 6
62 6 80 56
192 78 54 57
188 78 56 84
6 90 16 83
2 90 60 15
182 91 70 22
114 76 83 10
20 49 16 82
55 97 90 99
127 96 57 67
174 13 51 80
104 20 15 6
10 27 73 44
119 44 67 85
120 2 96 40
3 12 74 58
161 16 58 88
64 15 8 38
180 11 70 84
31 85 42 94
165 16 38 84
12 57 21 32
12 69 25 15
134 51 74 95
120 84 36 84
51 44 23 83
55 45 68 39
183 62 33 48
30 71 84 42
181 5 27 93
75 52 8 9
55 34 56 75
70 44 60 73
188 35 57 96
80 77 35 63
191 20 63 22
143 47 16 24
105 43 69 32
95 78 93 51
64 49 26 87
94 38 60 34
173 69 30 54
46 17 69 38
189 33 12 33
132 28 57 37
172 27 69 19
157 62 22 73
164 1 12 58
39 25 44 13
94 27 19 93
196 88 83 86
73 95 19 6
75 28 95 99
55 65 19 64
179 93 90 43
94 2 53 86
179 50 99 74
177 18 19 73
158 2 59 32
49 30 90 76
159 85 76 66
150 47 83 82
140 73 77 87
27 83 73 7
33 72 33 10
42 52 83 52
106 95 84 7
125 26 83 84
112 11 51 14
58 34 96 51
59 26 38 86
109 11 45 42
135 78 52 29
30 87 81 88
182 18 95 8
144 31 44 8
142 47 23 53
33 71 56 92
97 94 31 6
157 76 48 44
55 52 73 85
140 6 26 22
176 21 82 73
52 27 81 47
74 56 52 8
128 8 52 77
54 83 36 11
12 84 55 67
89 80 4 29
138 30 3 15
104 86 40 8
165 21 55 91
78 59 99 58
167 4 87 21
39 23 84 51
108 91 18 49
171 23 78 62
5 81 29 9
119 69 18 84
42 25 76 72
85 27 82 4
83 70 26 23
93 10 74 53
2 45 2 25
20 32 39 25
66 68 35 85
89 5 22 32
130 50 56 67
177 39 72 13
9 98 36 2
160 10 56 14
155 58 92 75
191 83 53 9
152 40 94 93
145 68 25 27
18 82 95 48
173 19 61 82
117 97 84 29
159 92 96 67
3 40 94 46
123 47 55 27
187 49 21 84
118 98 12 88
132 59 36 5
178 97 87 47
46 24 28 58
16 76 25 19
116 19 65 40
167 72 19 6
22 40 91 92
139 55 80 23
66 69 29 96
118 68 95 65
92 23 23 61
52 48 80 68
119 98 60 38
70 80 45 44
20 88 88 11
95 21 35 61
190 16 9 8
136 4 25 29
79 48 90 31
48 22 0 68
72 12 6 95
192 3 91 65
191 80 76 86
1 63 99 43
131 8 51 68
164 77 49 44
177 91 75 78
13 27 46 38
40 4 85 84
160 76 49 51
156 78 90 9
93 41 52 25
50 4 45 14
133 94 58 10
185 86 88 50
165 86 40 57
43 25 42 55
2 91 6 10
21 48 20 15
190 72 92 92
128 37 6 61
183 17 24 68
155 64 70 72
151 11 30 46
188 72 1 90
15 59 1 37
160 73 52 50
145 96 94 74
133 0 35 16
69 11 36 76
176 6 49 79
69 79 25 10
3 78 52 70
37 53 7 49
126 11 99 24
107 45 98 92
198 85 8 67
149 96 96 25
3 97 4 24
76 81 86 31
11 39 1 48
144 61 50 71
24 1 47 84
147 97 76 45
82 37 64 83
33 60 8 88
157 64 65 85
45 51 68 56
90 22 57 35
83 59 58 59
160 5 43 7
2 72 52 36
109 17 20 94
129 80 83 87
145 48 24 42
151 93 51 42
115 60 77 50
119 35 9 79
192 5 39 46
29 91 34 90
8 54 84 90
187 19 77 84
19 53 26 71
146 29 13 13
41 90 15 12
177 77 92 21
182 83 67 11
74 1 1 35
108 37 25 95
57 54 79 76
7 57 47 54
39 60 19 80
102 35 93 31
112 37 52 46
20 71 9 94
125 62 81 33
99 6 80 56
60 59 85 68
168 32 74 7
45 45 88 99
32 33 83 44
170 87 42 42
159 51 88 84
13 70 69 65
76 49 21 89
8 58 9 28
143 35 36 40
80 76 39 13
9 22 9 31
110 52 73 21
55 61 5 69
131 74 34 60
75 7 1 35
66 10 63 61
97 51 1 29
27 92 42 88
15 4 71 77
108 96 50 63
158 55 84 41
81 18 53 8
178 6 43 96
16 6 57 65
158 10 95 37
102 89 78 69
193 49 46 1
46 96 17 56
103 1 49 36
72 3 44 50
161 87 46 78
46 55 43 56
165 90 93 67
180 71 37 73
73 35 27 19
184 96 27 39
197 76 76 21
31 72 71 93
112 69 23 10
176 18 66 41
109 59 61 89
83 50 14 56
85 93 27 69
189 6 61 87
134 37 60 66
161 32 11 25
53 86 35 30
104 1 23 65
113 84 54 96
134 21 4 72
14 83 93 4
89 54 43 23
43 3 41 5
87 4 82 41
190 18 71 47
119 94 12 32
131 19 80 17
40 36 89 54
119 83 10 60
37 53 36 81
9 29 86 96
34 68 37 76
138 60 23 10
7 36 94 38
7 75 55 47
163 45 53 83
128 64 95 17
169 31 98 78
113 36 75 47
57 64 23 95
25 99 5 32
87 0 22 94
127 77 93 90
174 46 25 54
162 21 72 84
4 70 62 17
159 89 16 16
154 92 63 31
191 69 63 30
121 37 24 48
114 17 90 41
115 16 95 30
89 19 14 93
142 28 63 1
18 31 69 24
23 32 55 66
1 70 96 74
7 72 22 73
41 13 14 57
181 62 39 70
181 53 15 23
133 78 76 51
10 45 27 85
78 34 4 31
4 0 6 11
125 80 37 66
145 51 75 26
113 14 96 47
19 12 22 53
142 99 56 4
96 84 90 26
118 46 58 75
198 64 86 23
196 23 90 42
27 65 20 92
132 69 39 51
81 14 4 75
65 61 80 61
197 22 40 15
20 98 90 18
14 29 42 10
104 84 4 31
101 25 76 33
94 67 85 27
81 89 2 98
2 34 12 99
8 52 15 28
50 57 47 64
38 41 26 43
125 31 26 78
56 2 12 2
70 49 29 3
190 31 2 93
18 14 92 26
66 59 7 68
69 54 84 7
147 10 50 24
193 77 2 1
31 66 3 1
115 32 5 6
16 7 51 34
173 43 12 39
55 19 7 76
25 43 83 72
53 86 96 47
15 51 0 46
117 4 0 33
36 5 91 52
64 42 38 89
137 51 28 44
70 87 20 48
30 56 20 35
142 69 34 57
120 35 55 37
139 55 22 27
112 65 80 76
159 70 65 97
21 45 93 44
184 14 92 66
170 64 54 64
33 88 73 5
23 28 95 14
184 17 42 96
135 74 25 94
144 42 91 18
40 85 62 24
151 54 43 73
70 97 37 4
85 62 9 61
190 4 27 26
174 21 75 9
95 0 55 92
94 99 10 34
36 24 11 87
30 54 12 0
151 1 4 88
163 66 1 53
70 29 32 96
50 7 57 98
159 13 42 5
112 52 40 48
176 51 87 6
57 99 58 60
0 63 48 15
29 50 20 51
31 52 0 33
11 57 31 22
22 73 28 86
77 20 86 5
23 73 63 80
124 22 40 76
37 40 91 18
90 12 69 73
16 21 7 28
79 90 2 53
164 30 40 93
50 26 51 73
0 14 5 76
88 97 5 25
38 96 95 80
60 65 54 29
186 61 57 17
3 11 71 67
142 11 13 44
89 64 18 89
130 75 18 71
173 23 48 11
71 44 43 84
61 97 13 99
10 22 69 14
33 40 33 75
3 98 72 92
14 90 34 97
117 4 68 90
27 68 53 50
12 97 34 25
46 47 25 57
121 94 23 55
186 8 82 41
107 54 85 21
196 19 70 14
123 90 56 2
59 10 53 23
59 39 49 5
87 74 14 60
20 37 15 58
46 50 99 5
56 84 78 53
156 49 19 31
139 75 34 98
37 39 74 96
78 23 2 17
49 16 78 21
6 45 79 4
95 30 9 52
66 39 57 22
188 76 54 80
103 40 30 41
179 4 89 9
27 91 27 28
60 5 49 18
150 28 22 98
10 83 50 77
122 7 99 63
135 5 95 38
197 77 79 28
82 69 38 61
112 65 90 24
22 91 42 24
72 64 22 82
199 24 59 74
131 11 37 66
68 84 5 18
61 36 46 43
5 36 57 70
53 99 94 75
90 37 0 14
53 74 97 53
99 8 27 82
71 16 49 40
0 6 10 61
142 56 57 0
93 14 70 46
65 64 74 7
101 26 22 55
0 19 60 51
79 87 34 51
103 35 43 3
141 53 16 35
161 73 35 6
139 57 5 4
22 79 12 75
157 34 30 57
105 90 61 36
29 95 87 32
30 82 87 23
187 4 58 49
129 94 55 69
151 60 73 25
91 37 1 48
23 83 58 28
126 19 65 55
114 4 40 96
139 27 19 26
83 77 27 13
23 83 82 27
195 7 52 39
45 5 87 20
141 45 49 67
116 66 74 82
22 14 78 61
194 49 40 29
179 67 42 2
50 76 81 98
136 86 37 81
91 76 1 32
74 2 51 90
20 26 25 95
192 55 56 38
5 96 68 84
64 62 38 66
39 20 16 75
106 53 8 97
130 61 82 56
116 33 46 88
11 71 83 56
179 92 94 84
188 62 68 4
177 6 23 16
78 39 43 84
45 3 34 27
16 16 83 84
101 81 73 65
5 56 21 84
48 15 68 89
130 88 45 59
146 68 27 25
160 70 9 5
125 95 32 93
11 67 78 65
148 51 82 53
159 3 37 60
170 57 1 52
97 46 11 44
167 38 69 27
60 30 84 37
126 68 31 89
135 9 6 83
112 88 89 23
91 78 35 14
136 36 66 33
35 30 29 54
68 50 81 29
81 17 66 59
85 49 0 20
58 7 55 22
95 44 46 39
75 81 53 63
70 71 48 5
101 78 59 70
28 92 51 61
9 69 72 94
119 73 66 29
32 21 52 27
118 98 18 45
31 71 8 1
95 56 6 96
34 17 18 15
109 21 28 70
191 1 64 62
126 82 91 58
56 43 37 26
193 56 71 77
179 79 78 74
35 37 23 22
6 41 89 16
15 17 86 6
18 3 20 44
37 11 54 93
7 92 19 52
148 90 29 27
21 60 54 9
149 77 31 55
70 72 23 85
189 62 43 60
17 63 56 54
27 11 48 34
3 67 38 51
10 68 30 31
180 84 92 29
113 23 36 36
147 12 21 37
174 17 97 91
80 5 45 7
16 45 93 19
65 32 22 75
52 5 58 32
41 51 13 55
26 1 43 74
113 64 63 87
81 12 30 14
17 76 21 86
21 67 5 86
99 80 13 51
137 24 83 78
175 48 85 53
149 28 27 63
145 42 2 78
54 33 92 24
161 66 10 34
133 67 73 32
199 86 35 36
10 70 15 37
118 52 91 67
81 70 82 78
65 37 56 19
70 1 95 31
67 5 17 52
73 90 36 72
177 71 61 39
141 76 29 11
180 72 78 13
194 13 91 59
50 48 31 72
101 26 55 68
132 72 72 57
63 8 81 92
31 42 83 24
170 64 35 51
136 65 64 31
78 8 90 80
8 21 52 9
100 59 29 32
132 1 41 47
61 22 39 44
17 74 68 87
39 3 90 75
68 7 58 99
115 1 79 23
122 84 32 22
43 61 6 27
162 47 74 75
22 65 19 39
92 87 26 31
42 69 58 62
76 17 61 91
118 93 14 92
129 46 67 24
7 25 52 21
73 78 48 47
196 19 86 88
158 64 71 0
133 29 62 9
98 76 0 68
69 14 13 98
12 80 22 71
157 26 44 30
5 92 29 53
111 15 41 69
180 12 21 65
193 36 75 44
12 27 64 81
142 77 31 6
109 5 78 67
32 22 49 89
15 79 42 78
194 83 0 26
147 21 44 92
157 19 88 69
46 53 2 40
130 85 47 40
91 25 7 75
199 56 64 66
187 6 45 82
141 45 60 40
18 4 84 76
175 73 97 74
26 52 14 56
189 13 48 80
190 55 7 90
164 71 56 51
129 1 85 22
98 98 14 17
54 99 45 30
72 94 56 50
98 70 6 88
136 7 20 26
162 28 16 78
151 73 82 81
26 67 55 77
117 70 46 72
169 43 54 93
189 10 43 88
132 1 28 20
108 0 47 23
180 15 1 32
40 83 65 67
103 20 96 20
42 42 44 63
185 50 56 74
160 51 14 45
153 94 65 13
47 64 36 27
180 90 59 20
173 76 39 28
49 35 1 43
129 45 7 66
196 63 93 8
67 59 5 72
54 23 85 1
39 22 28 19
112 40 92 37
68 83 18 17
71 19 61 0
116 20 67 64
35 60 25 2
19 30 74 25
105 60 26 45
34 7 16 98
199 8 35 67
92 5 37 63
76 50 15 93
122 82 57 57
194 34 60 66
165 34 91 22
146 70 67 80
29 84 78 28
144 66 47 88
23 36 3 0
138 19 93 60
153 2 18 0
37 30 66 54
116 9 76 63
79 96 95 8
180 26 88 76
144 88 65 67
176 20 67 67
91 12 27 45
167 97 97 4
127 63 10 96
172 38 59 4
134 6 64 66
32 53 43 76
193 60 44 69
193 60 44 69