304 19 3893
729 27 7418
651 21 10613
74 37 11283
675 45 9893
273 21 22651
1974 47 11815
532 19 32741
243 9 28759
1081 47 4036
611 13 19952
966 23 6520
961 31 15827
1518 33 22475
1551 47 28271
714 21 30084
714 21 25308
147 21 3074
405 27 10907
630 45 22119
1540 35 24070
1215 27 27298
950 19 32629
368 23 20751
350 25 18472
1189 29 25514
1400 35 5033
777 21 23816
637 49 3420
858 33 4082
247 13 28290
231 7 4601
1161 27 1197
30 3 20788
513 19 1445
30 15 14709
703 37 2422
391 17 2700
9 3 31288
2448 51 31423
342 9 29660
215 5 22766
3 3 13174
1517 37 24984
550 25 29577
319 29 27741
1131 39 7655
315 15 3733
700 35 7083
78 3 13379
561 17 2747
783 29 24963
215 5 28649
1125 25 11454
1089 33 174
156 13 764
345 23 16256
1209 31 2900
132 11 13524
450 45 17207
414 23 16890
231 21 25016
144 9 1887
475 19 19271
1025 41 32204
429 39 20530
451 41 3907
1302 31 18573
87 3 32700
528 33 14375
1521 39 9397
999 37 28277
407 11 20354
850 17 26585
344 43 31501
455 13 7750
551 29 16223
1290 43 18839
494 19 25653
361 19 25392
928 29 435
95 5 2720
350 7 1795
1092 39 9209
350 25 5486
1558 41 23565
153 17 12634
120 15 15743
1776 37 3623
62 31 23256
143 13 15476
1250 25 26524
589 31 32575
667 29 29345
611 13 7354
931 19 14506
51 17 11357
855 19 8771
1258 37 1991
777 37 5355
38 19 17158
1504 47 29246
135 45 5989
300 15 20930
9 1 22389
234 9 18597
175 35 8008
731 43 14252
273 7 17686
230 23 7519
270 45 13053
550 25 5584
805 35 3959
1081 23 17459
380 19 27890
1610 35 16084
1365 39 5513
1692 47 17084
1426 31 20067
495 15 32319
700 35 23806
36 9 3365
987 47 13162
390 39 9498
323 17 10191
369 9 1944
300 15 24492
1504 47 30299
858 33 32615
120 5 18908
1175 47 8897
656 41 32449
528 11 18296
70 5 7761
455 35 14019
165 15 21014
551 19 1357
574 41 19407
561 33 11726
918 27 20140
550 25 28969
780 39 31086
306 9 19876
287 41 29495
130 5 21593
2205 45 1965
1066 41 1886
200 5 3323
1023 31 11829
17 1 32581
1276 29 30589
35 35 860
1242 27 5157
1150 23 22739
1450 29 14954
85 5 6952
189 21 27987
13 13 19989
434 31 2967
429 33 5921
336 7 12120
1365 35 10082
90 9 4682
275 25 15235
132 11 26146
220 11 11421
1029 49 17093
300 15 5075
315 21 5969
315 35 32576
980 35 27747
1715 49 19353
198 11 9063
18 3 1259
1008 21 14519
266 19 12773
224 7 24783
357 21 19326
403 13 2104
462 11 26345
3 1 6127
161 7 13257
210 21 7002
1519 31 2772
675 45 27874
306 17 23938
798 21 14162
882 21 25203
58 29 17602
1050 21 21597
1598 47 6788
2162 47 24277
247 13 7933
2256 47 24975
164 41 18165
686 49 18192
1850 37 10781
370 37 16596
585 15 28683
1911 49 23351
414 23 2140
270 15 5624
1833 47 5824
108 27 5937
1295 37 18367
893 47 23916
1504 47 24918
132 33 8949
1400 35 30367
343 7 18398
2303 49 22887
1804 41 29420
759 23 17912
117 39 27703
966 21 27492
217 31 23614
513 27 13076
123 41 28516
22 11 17556
210 21 28659
108 9 21096
1443 39 5456
9 9 1147
1519 49 2492
153 17 17653
14 7 22355
561 51 22503
682 31 4340
343 7 28953
255 17 10394
138 3 10950
765 51 3214
756 27 17710
754 29 1407
459 51 11406
1950 39 14708
2209 47 30668
299 23 19820
242 11 3424
434 31 7484
875 35 19870
533 13 5363
624 39 18880
215 43 30730
731 17 8855
385 35 14537
779 19 28091
564 47 21348
1890 45 10234
874 23 14392
1739 37 15939
525 15 27188
26 1 20680
68 17 26211
920 23 9124
361 19 31316
380 19 21663
399 19 31890
22 1 8748
1200 25 5785
462 11 13208
270 9 9597
153 17 1088
132 3 27617
1505 43 3889
15 3 1607
820 41 10267
559 13 6531
682 31 31771
570 15 945
243 9 2451
594 27 11290
1518 33 17636
399 21 3515
150 15 1034
1862 49 17034
1000 25 15271
164 41 14102
464 29 14178
555 37 15145
160 5 21159
816 17 8512
589 31 1618
63 21 13977
215 5 21923
1400 35 3742
629 17 17980
1665 45 32089
196 7 21999
1640 41 28220
1504 47 11631
462 21 7810
133 7 12933
42 21 7137
147 7 25148
1634 43 26275
7 7 21045
1927 47 31041
817 19 29523
475 25 32409
217 31 9175
850 17 16628
690 15 17035
1421 29 19466
176 11 4300
363 11 31538
1222 47 20888
45 5 30822
325 13 23211
544 17 3004
2193 51 21136
1209 31 1878
850 25 12656
171 9 7254
495 45 548
2107 43 29672
72 9 9973
1457 31 6542
396 11 23769
925 37 9543
551 29 4250
2064 43 2788
806 31 31557
902 41 14959
99 33 12398
444 37 6648
279 31 16300
1558 41 18604
75 15 2918
341 31 9801
165 33 9135
1457 31 12495
544 17 5802
141 3 17583
93 3 943
147 49 1317
855 19 22270
1440 45 21082
297 27 7363
72 3 19781
1681 41 7814
140 7 5729
323 19 8912
598 23 12945
333 37 28498
30 5 10917
609 29 7378
140 5 23883
363 11 12420
858 39 21899
77 11 25431
215 43 25898
1887 51 8877
1128 47 15300
756 21 8760
1081 23 12767
540 15 2153
437 23 6095
1247 43 567
555 37 21621
1872 39 187
1435 41 9708
1548 43 7129
765 17 9115
143 13 14731
57 19 32765
731 43 15566
41 41 10113
385 11 19733
1161 43 9543
1927 47 5914
637 49 2299
651 21 2894
129 43 17174
390 13 11143
825 33 10010
1530 51 5252
1978 43 28196
924 21 23930
357 17 16368
731 17 14110
145 29 3040
442 13 31970
451 11 18485
114 19 16858
1075 43 30628
775 31 32392
135 9 6835
667 29 13083
147 49 20154
26 13 1792
405 45 7259
1419 33 29096
351 39 4893
780 39 21093
135 5 20279
682 31 26166
270 9 23262
442 17 11244
1078 49 27209
440 11 18196
15 1 32735
882 21 8139
765 45 3719
1287 33 740
600 15 12306
1178 31 13410
629 17 20610
408 51 18137
75 5 14014
819 39 18655
450 9 6115
11 11 15497
713 23 2221
1107 41 26929
1548 43 2907
570 19 16835
2068 47 24976
40 5 14122
665 35 15515
621 27 16222
92 23 22183
574 41 14590
185 5 10204
1591 37 1888
273 21 28046
420 35 7300
1221 37 8896
348 29 27034
342 19 20313
152 19 25830
207 9 29382
270 45 13895
408 17 19838
147 49 25774
1248 39 15078
450 25 2536
189 9 24946
1530 45 248
57 19 17113
680 17 22855
351 27 27945
138 3 3670
102 3 18153
1290 43 8314
2070 45 31756
1519 49 4255
19 19 1437
33 3 32182
30 15 18684
85 5 32361
1204 43 12119
196 7 11182
750 15 7
1050 21 8556
330 11 20160
441 49 4675
30 5 31676
1125 45 15614
1155 35 15870
611 47 18329
920 23 6305
116 29 13010
126 21 3182
1504 47 5485
560 35 6090
1488 31 11620
7 7 14875
350 7 17077
702 39 4773
78 13 13851
2550 51 11814
19 19 10040
231 21 2506
480 15 4463
1221 33 11756
459 51 492
720 45 20930
900 25 31021
819 39 31936
560 35 18524
15 15 17637
315 9 14589
437 19 11708
2009 41 23914
210 15 9372
114 3 14206
375 15 27100
403 31 24518
2115 45 14777
456 19 27384
984 41 29738
25 1 22424
273 39 22376
182 13 2007
108 3 20672
1710 45 20678
940 47 17360
550 25 6965
473 11 29888
18 3 3645
252 21 2679
1645 35 27261
100 5 16965
1218 29 7125
855 19 3116
585 15 8515
306 17 1841
465 31 3831
60 5 5731
1421 29 28388
154 11 16939
297 27 29980
1295 37 2533
429 11 16624
1353 41 10542
1 1 32120
2209 47 6707
126 7 28656
544 17 19467
182 13 10295
259 7 26877
50 5 23550
2115 45 9692
945 35 29076
588 21 15551
36 3 9575
343 7 30646
86 43 22955
900 25 31130
63 21 21146
810 45 16791
774 43 20327
1178 31 8396
1029 49 16531
1426 31 31360
1504 47 21219
1316 47 20863
429 33 4668
945 27 18609
650 25 27325
2205 45 5984
468 39 6032
840 35 23716
464 29 20781
350 7 25841
231 11 31852
297 11 24233
1755 39 1763
45 15 4053
153 17 27908
312 39 7623
150 5 26140
2115 47 12814
62 31 25316
12 3 81
188 47 26187
390 15 11149
217 7 19076
966 21 24232
322 23 20586
117 13 12915
2303 49 2324
81 9 24686
105 15 3147
230 23 22514
650 25 6015
270 27 32025
752 47 686
77 7 21780
15 1 12052
10 1 12590
304 19 14504
495 15 17870
1645 35 30522
24 1 6111
1104 23 27080
336 7 31779
78 3 21396
870 29 15347
798 19 21686
516 43 7201
450 25 22935
1421 49 27388
296 37 11210
289 17 13175
184 23 29736
74 37 23786
612 51 25355
95 19 27153
80 5 11378
1591 37 630
966 21 13388
609 29 26082
60 15 20634
1326 51 29389
805 35 18437
285 19 15147
1457 31 22537
946 43 23520
1551 47 9529
1290 43 13340
510 15 26926
1369 37 15878
66 3 10350
741 39 5662
441 49 6361
276 23 10987
105 7 32409
735 21 23776
731 43 8335
2009 41 16966
232 29 31023
1275 51 13495
2009 49 6550
410 41 26889
357 17 30260
152 19 4941
330 11 11540
259 37 15440
705 15 12743
450 15 19721
351 27 27252
550 11 287
84 3 24967
1677 43 16482
1053 27 32735
1053 39 24991
992 31 491
68 17 23799
611 13 4130
58 29 1765
861 41 10057
49 7 16243
798 21 22469
575 25 29366
1376 43 14399
483 21 15809
792 33 2161
180 9 4553
273 21 230
620 31 1624
1175 25 28258
54 9 11536
11 1 419
1794 39 18106
376 47 28458
60 15 1755
1591 43 12390
1276 29 16491
627 19 17991
1406 37 4209
931 49 25049
26 13 30459
279 9 21765
1488 31 12976
396 33 23439
75 5 520
690 23 24505
207 23 22460
37 37 4564
375 15 27933
23 23 4158
322 7 23541
481 13 23680
43 43 32138
130 5 29221
986 29 9586
943 23 18774
228 19 29939
1426 31 10543
63 9 16802
760 19 67
697 41 8501
1551 47 6775
627 33 12149
205 41 26873
63 3 1713
600 25 18261
425 25 20858
187 11 11205
1089 33 15916
345 23 4121
2009 49 19017
735 49 14941
663 17 20008
51 17 20784
1032 43 21368
558 31 30843
629 17 21225
340 17 16999
527 17 17093
2150 43 11249
165 15 1252
1927 41 13477
651 31 17549
836 19 8403
506 23 13886
15 3 8817
675 25 1784
936 39 10155
527 31 17259
297 33 21769
6 1 11221
375 15 2357
481 37 4563
380 19 13342
2256 47 31929
98 49 23009
943 41 7092
175 25 4741
425 17 16964
1269 27 18445
1850 37 14232
98 49 2766
836 19 17952
1845 45 22379
775 25 29816
840 35 27338
481 13 1073
81 9 5404
1392 29 1256
650 13 15714
1258 37 2293
174 29 17180
325 13 12669
855 19 21011
1610 35 13237
243 9 23832
720 15 21266
175 25 28026
185 5 17452
26 1 1497
637 49 15310
25 25 31734
1350 27 19430
329 47 28620
770 35 26520
798 19 26570
1316 47 30401
966 23 8590
245 5 24967
2160 45 15083
45 9 2224
348 29 26058
1175 25 6963
357 17 7735
520 13 23300
152 19 3181
667 29 21532
190 19 31045
405 45 26960
20 5 25200
357 17 24952
782 23 5206
162 27 2379
69 3 32014
35 7 15706
66 3 32109
806 31 28157
288 9 10272
943 41 9462
1786 47 14877
1247 43 2831
1155 35 7517
156 13 18795
513 19 29686
1258 37 13583
108 9 12361
376 47 12795
286 13 7807
207 9 14778
1911 49 1375
126 3 30800
462 11 10719
2162 47 4398
96 3 1651
357 17 19274
1175 25 15516
345 23 29194
195 5 13066
1394 41 1971
120 3 3448
528 11 29284
165 11 800
608 19 5034
1209 39 13398
492 41 5886
390 13 29888
280 35 23279
2156 49 8573
481 37 29959
308 7 21729
323 19 2136
750 15 26184
117 9 21333
1386 33 21379
1548 43 20344
1935 43 28507
84 21 4875
75 25 17506
203 7 16498
1073 37 29799
1131 29 19687
405 45 18834
931 19 20663
195 39 30559
1786 47 17514
374 11 28521
45 45 21751
1204 43 32722
330 33 22953
78 3 19291
279 9 8672
351 9 9278
403 13 4153
1350 27 332
720 15 4176
1716 39 3780
1470 49 1883
325 13 22902
39 13 23877
912 19 32619
1125 25 8052
132 33 29352
1540 35 29845
203 7 2805
16 1 30062
171 19 9291
1968 41 31199
23 23 15764
667 23 23474
2160 45 19548
147 7 7574
119 17 25958
272 17 12914
575 25 19901
39 1 20071
230 5 854
495 11 2833
190 5 24891
385 11 10905
980 35 32031
450 9 6196
522 29 22162
2401 49 4811
435 29 30811
99 11 5764
903 43 25328
133 7 18212
1363 29 24025
70 7 12588
117 39 32511
304 19 4631
255 51 6704
144 9 20861
819 39 32228
675 25 32324
1161 43 27419
1323 49 7042
390 15 14850
405 9 21491
1650 33 8221
442 13 9066
15 5 31757
1200 25 24757
1188 33 22507
162 9 10659
517 11 5921
85 17 10824
700 25 11034
928 29 6488
2162 47 5174
943 41 28994
957 33 11797
294 7 29958
1189 29 16992
396 9 22586
351 13 4640
837 31 9485
58 29 6860
100 25 20801
111 3 5610
441 49 19146
1254 33 30014
1806 43 24340
992 31 5933
3 3 19727
1026 27 22571
630 35 13394
418 11 9960
45 3 24567
99 9 10475
225 45 14423
77 11 14374
574 41 3460
30 3 10437
799 17 15270
663 17 11934
376 47 2289
165 11 11147
2209 47 26491
510 15 29562
1269 47 12624
592 37 23237
21 21 4361
280 35 8828
986 29 1776
672 21 24694
975 39 32405
1980 45 6832
799 47 1315
1457 31 13080
1075 43 10687
470 47 13799
850 17 24098
1716 39 32292
1089 33 32322
1326 39 27780
98 7 1043
1715 49 10214
188 47 22581
893 19 26138
980 49 28524
1107 41 12298
972 27 2725
637 13 12035
836 19 23696
1558 41 30911
297 11 576
203 7 1321
80 5 25950
1175 47 21734
285 15 6028
117 9 23730
525 25 2048
870 29 27407
5 1 16718
9 3 15029
2550 51 25412
105 35 3441
252 21 18686
168 21 23562
846 47 4179
189 21 6273
180 9 21882
451 41 11882
667 29 10373
625 25 27823
840 21 22309
322 7 27692
364 13 31560
630 35 16201
1155 35 3542
540 15 2282
220 11 12144
1591 43 29452
1333 43 12078
341 11 21844
493 29 14611
306 9 16461
96 3 28868
416 13 24979
377 29 30079
1330 35 10651
735 21 18042
18 3 20017
943 23 31327
130 5 12190
468 39 28030
297 27 2982
1020 51 9583
374 11 26068
1035 45 22808
806 31 31332
132 33 9478
45 9 30669
517 47 2652
609 29 20605
1122 51 14998
377 29 28127
931 19 8066
893 19 10967
1450 29 1835
561 33 875
507 13 18686
1428 51 15182
1312 41 506
25 1 27073
2244 51 9068
43 43 14763
1763 41 6308
72 3 17194
986 29 3640
344 43 11239
625 25 9256
186 31 955
490 35 30750
1350 45 3058
1421 49 19133
217 31 25667
66 33 11934
66 3 9290
129 43 28389
1665 37 1203
1786 47 31822
559 43 32248
75 25 12415
437 23 19301
517 47 18419
288 9 10131
10 5 12023
539 11 25066
798 19 15160
282 47 14000
136 17 10984
459 27 22140
2156 49 24180
851 23 28664
399 21 27454
338 13 24264
91 7 21447
658 47 24158
621 27 2382
30 3 11504
378 27 20500
1702 37 14267
620 31 6420
198 33 2348
253 11 6459
1148 41 28325
247 19 31231
125 25 31130
1575 45 129
153 9 4882
270 27 31460
945 21 4511
1890 45 9882
172 43 6006
357 21 5296
108 9 2731
410 41 3066
44 1 12063
612 17 27755
170 5 24886
1435 41 20355
315 15 15620
483 23 20989
41 41 23835
39 13 14889
162 9 25145
897 23 4520
833 17 1526
1450 29 31433
731 43 3328
1372 49 8718
1935 43 9363
162 27 24437
1189 29 18274
510 17 19842
328 41 19846
765 51 4098
612 17 26901
1075 43 9975
120 5 25168
66 11 25207
627 33 15226
1296 27 5589
161 23 25245
1763 41 22618
1376 43 1972
840 21 8890
238 7 22749
966 21 29853
11 1 4287
172 43 24192
1365 39 18016
315 9 30050
1050 25 27115
1365 35 11375
21 1 24704
2068 47 24113
1050 25 7970
1540 35 18571
1320 33 3576
306 51 15715
280 35 9234
1715 49 25541
235 5 28080
476 17 11268
492 41 14765
555 15 19402
350 7 29853
903 43 20030
126 21 26357
1247 29 22785
396 9 6885
301 7 22545
1558 41 32049
396 9 6564
1681 41 32076
105 5 4252
12 3 4487
82 41 3273
68 17 23405
1850 37 27902
361 19 31275
81 27 99
1833 39 48
350 25 8629
7 7 12988
437 19 32605
1551 33 32285
1333 31 23270
645 43 17173
133 7 4707
1517 41 32261
143 11 20815
78 13 30232
1332 37 26489
560 35 12360
175 35 21577
1386 33 25832
399 21 10320
1221 33 15244
117 13 32406
1326 39 21724
513 27 25002
570 19 8654
656 41 19704
1755 45 32533
567 27 27634
39 13 19414
210 15 2915
369 9 18761
2107 49 15825
510 17 17937
1974 47 19452
1222 47 25041
105 7 15336
195 39 27810
111 37 13701
405 15 24458
47 1 24149
24 3 31700
777 37 2029
1470 35 27072
1739 37 1168
432 27 3242
63 3 13176
1645 47 4357
1806 43 17762
143 11 32511
120 15 5790
966 23 13364
1632 51 15083
1935 45 23916
297 27 22563
78 13 18430
507 13 16492
140 35 7202
735 35 20347
390 39 27728
420 15 24840
209 11 27513
1887 51 17168
1122 33 4038
261 9 27688
1980 45 31464
273 7 15095
300 25 17176
783 27 16320
297 33 7992
798 19 9150
3 1 15380
559 13 28212
1122 51 18069
1450 29 2943
90 15 40
45 5 756
23 23 14559
1665 45 12100
385 35 11119
418 19 30446
2050 41 811
663 17 22208
975 25 895
1677 39 11257
245 49 17886
518 37 3150
525 15 8697
1125 25 5353
312 13 24906
800 25 16154
341 11 5186
66 3 32742
133 7 26945
589 19 29576
1890 45 18614
261 29 18980
341 31 6616
675 15 13984
132 11 32120
315 15 6350
2050 41 32468
1225 25 26847
870 29 20879
589 31 21133
2160 45 13236
663 39 28030
1551 47 17526
900 25 4265
1554 37 5645
430 43 22685
775 31 21652
621 23 24942
1075 25 28702
2397 51 31396
2021 47 8097
665 19 22309
27 9 1527
585 45 13226
330 33 20023
221 13 13242
810 27 14193
1395 45 32166
2115 45 30008
2040 51 20023
1598 47 4613
736 23 32729
60 3 16089
91 7 20384
102 3 15282
47 47 15205
720 45 18106
108 27 6352
11 11 25277
1250 25 30709
115 23 24712
1794 39 5002
90 5 11130
43 43 6935
875 35 30920
360 15 26187
189 9 22953
2350 47 15297
486 27 26297
1681 41 12320
399 21 22749
920 23 15675
285 15 751
1443 37 25535
90 3 6067
155 5 26624
1739 37 4972
77 7 5896
1178 31 25077
465 31 25270
940 47 4620
172 43 22207
450 25 30695
663 51 17740
2156 49 27286
540 15 25131
270 45 31651
360 9 19361
1677 39 5159
172 43 912
380 19 23429
110 5 30976
7 7 1863
1161 43 28331
1155 33 32060
105 3 18181
270 45 583
36 9 29860
238 17 17492
1763 41 12893
966 23 32403
414 23 17324
350 35 18558
430 43 16996
203 29 24402
1457 47 23771
1872 39 19203
324 9 28335
65 13 4689
276 23 3023
1632 51 19277
1025 25 3102
123 41 8885
150 5 21518
702 27 30411
1302 31 29143
1127 49 5082
2346 51 17913
279 9 22878
468 39 11612
90 15 20161
559 13 10718
1692 47 16510
141 47 24760
675 27 14673
60 3 16265
481 37 7047
390 15 27422
1560 39 28158
1617 49 18722
63 3 2261
1050 35 21054
1190 35 12675
435 15 6407
1326 39 4814
1610 35 5653
77 11 6125
125 25 4521
119 7 30368
328 41 17589
81 9 7248
102 51 8965
279 9 6663
1400 35 6752
1395 45 2615
819 21 4677
1085 35 16367
16 1 29744
651 21 19578
540 15 15460
115 23 2714
1530 45 14166
816 51 26332
240 5 3816
135 15 27083
374 11 9501
943 23 29946
2068 47 1544
1120 35 21190
1330 35 4804
567 21 10747
126 7 24661
407 37 5247
315 21 29982
1887 51 5539
875 35 29424
665 19 18796
868 31 9418
287 41 20514
444 37 11967
1247 29 22648
1428 51 645
528 11 4689
441 9 13316
49 49 31058
215 5 14402
1989 51 13800
1599 39 1819
1530 45 15029
1080 27 15725
425 25 15973
975 39 18010
1147 37 12642
130 5 18528
105 5 15211
75 5 26251
90 3 18672
1666 49 1478
440 11 25460
12 3 23266
931 49 4384
273 21 6588
25 25 4774
6 1 2876
84 3 29796
638 29 12832
1519 49 31201
62 31 14920
1677 43 29967
216 27 22008
595 35 9202
330 33 5287
840 35 31390
828 23 7157
39 3 27072
1505 35 10349
1092 39 6108
116 29 25638
759 33 8292
63 21 27029
286 11 31475
874 23 17953
348 29 12005
1406 37 19641
760 19 20214
552 23 14625
2450 49 31304
1880 47 2027
476 17 29193
555 37 20974
1640 41 17367
850 17 23739
174 29 3476
490 49 10377
1221 33 22304
495 15 10653
1968 41 14517
19 19 19858
567 27 1631
66 33 21422
315 35 19390
1833 47 22491
1032 43 17033
1591 37 18432
1755 39 24185
792 33 740
1421 29 18669
66 33 25483
396 33 18614
60 15 14846
405 9 27753
945 45 30292
150 25 24049
189 27 26440
1968 41 31952
99 11 27462
126 3 15914
62 31 27521
1628 37 29943
92 23 20890
132 33 20841
752 47 31769
1640 41 24734
840 21 7184
352 11 30859
297 33 23871
351 27 21844
910 35 25653
1813 37 8027
9 3 15854
1575 45 14245
70 35 931
344 43 31200
195 13 20681
720 15 2299
375 25 2142
1050 25 5515
2156 49 8248
216 27 31898
60 5 22540
850 25 10252
156 39 11635
1372 49 18158
1274 49 28251
675 25 7179
1020 51 19764
99 11 31799
255 17 25553
187 11 21526
123 41 17715
1435 41 6497
525 15 5158
1050 25 19508
429 33 2503
57 3 16188
925 37 9358
638 29 18362
361 19 16962
1085 31 16877
945 35 15203
1150 23 10521
154 11 11683
10 1 25456
1053 27 10867
608 19 24592
1150 25 3821
76 19 21462
1645 35 10431
20 5 17140
792 33 17526
1134 27 25592
936 39 27276
861 41 9894
140 35 2629
76 19 23244
748 17 12043
1786 47 20205
162 9 25739
1560 39 31344
777 37 27545
140 35 18066
420 21 8751
190 5 9839
155 31 6249
990 33 23035
533 13 20863
735 21 31600
648 27 13997
414 9 24666
45 45 7730
500 25 4022
1617 49 7905
615 41 14366
66 3 27949
696 29 12662
360 45 25049
208 13 18145
111 37 25563
232 29 6058
612 17 5275
369 9 20846
464 29 12012
351 27 25984
15 3 6129
1470 49 27771
540 15 12712
1247 43 1919
462 21 23923
94 47 16930
1353 41 26589
825 25 12641
924 21 12998
117 13 31425
125 25 25280
368 23 14216
1911 49 21497
650 25 14025
400 25 9728
350 7 23481
403 31 8353
33 3 5884
1862 49 4038
1316 47 20730
385 11 2383
297 11 31968
78 3 4052
135 45 9542
225 5 27305
855 19 17876
1110 37 7642
235 5 15268
39 13 32655
688 43 9593
798 21 29915
400 25 9769
555 37 25573
1400 35 15339
198 11 17225
117 9 10286
198 33 21996
405 27 479
1638 39 30785
812 29 6625
1147 37 2998
1849 43 28218
1155 33 4809
168 7 15834
364 13 19307
188 47 15607
1230 41 8057
135 45 9745
1610 35 20577
624 13 668
1485 33 12460
1131 39 16887
893 19 15990
861 21 29072
1050 21 17885
748 17 21727
430 43 1781
774 43 31733
60 15 16457
1862 49 24717
945 35 7606
684 19 10871
156 13 23310
306 51 22017
475 25 15495
875 35 4961
333 37 5862
594 27 23179
1755 39 10285
1710 45 994
2254 49 10185
408 17 15195
246 41 31847
836 19 8839
2397 51 11483
45 3 30207
897 23 30344
784 49 6804
46 23 15446
351 27 17487
1044 29 30875
779 41 12179
11 1 22440
729 27 26140
780 39 15943
837 27 25832
574 41 12882
1419 43 10505
155 31 31100
20 5 29926
1551 33 24116
95 19 7793
429 13 27944
273 7 17560
425 25 9011
30 5 12966
481 13 14002
1161 43 5198
775 31 18402
539 11 29163
533 13 12742
248 31 5718
1377 51 12606
403 31 32670
2107 43 26968
1377 51 16319
154 7 29453
2107 43 9529
165 33 10436
1089 33 872
825 25 22833
133 7 13298
215 43 27994
1680 35 15944
490 49 6132
1189 29 28098
783 27 3657
95 5 24678
465 31 16596
28 1 24052
95 5 8834
1350 27 8542
153 51 3773
656 41 2380
468 13 2381
5 1 3156
33 33 32680
87 3 21614
351 39 9430
231 33 31308
798 21 13748
22 1 10079
1850 37 20595
252 9 9815
215 43 28052
735 15 7439
215 5 24467
1275 51 7726
1404 39 18236
8 1 12535
714 17 12715
1247 43 21815
34 17 31289
418 11 1470
50 5 6143
740 37 23910
33 3 1641
15 5 9634
9 1 23
1302 31 31026
806 31 16363
121 11 30217
629 17 31750
1386 33 10963
510 17 15010
1271 31 26
1722 41 22520
6 3 10666
323 17 389
168 21 25925
1100 25 29591
1980 45 32061
60 3 1751
1849 43 28005
19 19 8654
693 21 14286
323 17 714
688 43 9612
105 3 1325
351 27 13218
816 51 14310
1248 39 8962
360 9 18800
98 7 3454
33 33 27342
221 17 22578
143 11 30859
432 27 7324
234 9 19416
513 27 17067
493 29 6618
195 5 25698
651 21 8507
820 41 4307
513 19 8008
35 7 5132
1160 29 15945
1044 29 30941
792 33 29092
245 49 3533
858 39 18557
31 31 23952
476 17 13360
1763 43 23558
378 27 2256
407 37 10830
81 3 15878
912 19 2027
297 33 10294
123 41 15856
918 27 21004
517 11 26513
207 9 30594
1326 39 31929
125 25 2590
702 27 13260
525 15 4321
25 25 30180
1326 51 20181
667 29 13628
1935 43 6183
450 25 31873
1333 31 2385
594 33 1825
297 33 2800
690 23 6369
182 7 5484
504 21 19541
817 19 16144
432 27 19983
27 27 31916
405 45 5526
1189 29 26143
437 23 23225
888 37 12021
37 37 15446
675 45 15617
806 31 29652
231 7 2694
836 19 30828
750 15 3817
378 9 13450
1054 31 19168
600 25 29382
1050 25 87
1120 35 12841
522 29 15261
165 33 14204
780 39 19871
1287 33 23007
1080 45 28136
243 27 22117
784 49 29599
308 11 474
875 25 16914
264 11 6126
1353 33 3765
78 13 20896
945 35 11950
637 13 17461
494 13 14080
204 17 12342
120 5 28346
403 31 5220
33 1 7807
874 19 11399
250 5 509
777 37 11674
330 15 7289
253 11 32131
245 49 1093
987 21 28422
812 29 2812
481 13 3814
343 49 17932
65 5 13172
546 13 11806
225 45 9207
920 23 23303
102 17 6777
407 37 14474
45 45 8893
161 7 12382
1333 31 10936
1376 43 21603
49 1 3809
38 19 8876
782 23 13000
1302 31 1627
26 13 23121
224 7 8717
1440 45 21979
1785 51 9591
385 11 32440
380 19 5274
1053 27 29388
245 35 6186
126 3 16814
123 3 18158
187 11 3552
650 13 1129
1287 39 621
731 43 1985
130 5 31018
135 27 2069
1886 41 22690
378 27 25656
722 19 14177
198 11 22341
966 23 12479
1075 25 14118
52 13 30431
1599 39 27412
220 5 8731
961 31 18136
27 9 6000
527 31 30648
425 17 18935
52 13 19836
234 39 25411
208 13 28700
132 3 21568
72 9 4614
98 49 12122
76 19 14784
1665 45 27854
35 7 25819
340 17 6952
1032 43 21104
264 11 8654
35 7 7911
777 37 27346
492 41 28870
135 27 12344
816 51 26167
95 5 4884
23 23 16666
595 35 29007
1935 45 13988
21 7 1711
450 25 1592
945 21 3610
68 17 3584
270 15 14090
345 15 14427
570 15 27487
119 17 22930
544 17 130
1890 45 10343
378 21 24156
957 29 2389
855 45 10385
1078 49 26567
697 41 26626
252 9 1171
15 15 1657
400 25 18569
123 3 30000
135 5 7867
1332 37 1145
27 9 11847
203 29 20287
231 11 15295
203 29 10155
840 35 17065
135 27 12159
441 21 12464
210 15 31076
680 17 29416
675 45 3848
171 19 4353
56 7 19511
135 45 26936
1715 35 16771
225 15 26701
230 23 7042
377 29 12628
155 5 12976
1426 31 2770
51 17 11332
495 11 6083
369 41 31097
1395 45 17394
170 17 11318
434 31 31054
957 29 31331
429 39 23770
817 19 20677
1078 49 4770
46 23 11676
145 5 1713
187 11 17164
1080 45 20316
35 5 8421
45 45 25968
31 31 17276
204 51 15265
799 17 5826
144 3 31133
1295 37 31627
36 1 24098
195 13 5439
1 1 12770
713 23 24048
289 17 24064
957 33 28561
481 37 15870
171 9 9547
1763 43 14762
1665 45 4684
272 17 25462
475 19 27710
500 25 15752
480 15 11977
182 7 26409
176 11 14850
806 31 8136
2150 43 21743
513 19 29711
189 9 20632
910 35 7109
754 29 25295
372 31 23516
693 21 31341
1786 47 3446
650 13 4055
154 7 19658
165 15 4413
319 11 9283
43 43 27470
1081 47 26954
645 15 19936
1599 39 12573
341 31 14342
500 25 24202
644 23 5378
1023 31 21993
123 41 28670
575 23 32420
675 45 4488
147 21 18906
120 3 10430
702 27 11970
378 21 4515
144 9 581
891 27 9539
588 21 27172
329 47 3773
259 37 16406
442 13 26644
1440 45 680
69 23 4073
130 13 28822
19 19 22492
1092 39 2005
245 5 26208
1330 35 18549
940 47 10506
1800 45 16011
99 9 23335
2450 49 5372
1960 49 12278
840 35 22537
551 19 7901
1599 39 32170
51 17 17019
63 7 14037
135 45 12343
147 3 21165
975 39 15318
629 17 1049
465 31 4930
810 27 17437
330 15 24921
391 23 25063
1026 27 6913
589 19 27997
1480 37 29879
38 1 7531
270 9 9308
494 19 16784
1800 45 27342
629 37 13058
846 47 31037
925 37 3834
1150 23 27316
28 7 11823
777 21 6540
533 13 30152
270 45 25840
2209 47 24936
910 35 15279
2209 47 18474
686 49 9492
455 35 10291
304 19 31713
999 37 14635
1581 51 23065
1554 37 1084
