83 252
112 42
79 296
107 53
229 184
224 141
75 60
239 166
282 130
87 294
237 88
243 69
97 58
115 156
249 162
166 95
138 84
80 278
83 217
154 240
81 64
124 78
245 156
38 64
58 279
67 177
246 47
105 11
219 43
205 273
68 220
4 71
101 206
176 137
77 237
1 30
160 158
14 126
242 157
136 104
281 52
99 204
267 227
270 256
229 238
159 228
51 298
256 163
0 153
142 132
214 77
287 143
21 75
284 1
105 263
67 173
77 86
65 218
175 96
34 36
16 156
206 193
109 67
272 163
47 161
239 114
258 262
89 226
280 31
47 125
298 137
276 114
33 127
223 41
129 260
116 10
203 145
265 75
238 64
226 237
104 37
51 217
143 114
145 192
18 175
65 244
59 68
196 41
82 144
156 171
181 264
161 272
99 137
201 126
116 37
127 179
96 272
86 178
71 292
167 283
228 141
209 232
25 287
183 157
29 160
124 39
63 210
99 37
164 163
252 1
180 32
4 79
258 277
21 142
125 81
274 188
173 53
92 183
41 198
58 275
14 122
32 234
272 130
293 132
185 188
220 245
25 117
146 276
118 35
168 167
108 295
49 142
77 281
231 141
169 118
292 290
224 235
65 25
209 196
84 110
56 146
263 56
32 133
220 110
29 202
198 88
230 137
118 299
192 7
178 50
92 61
49 170
247 16
265 114
277 208
54 101
158 33
218 18
180 242
197 138
226 209
47 95
146 208
267 217
267 38
100 197
120 111
128 201
67 119
28 145
246 44
77 82
152 156
151 295
185 32
294 100
195 163
123 41
10 41
131 91
40 30
141 231
132 212
32 269
166 200
296 60
194 165
21 74
121 47
131 224
24 7
170 125
218 271
64 46
137 229
11 196
179 229
142 152
122 64
16 174
286 40
205 12
86 180
227 279
203 260
19 111
288 280
251 241
287 259
240 68
264 124
106 251
103 195
259 248
174 277
18 275
288 160
92 223
254 126
138 20
183 158
190 157
99 171
130 193
261 86
263 70
21 277
173 69
69 125
102 184
160 295
155 172
148 200
78 247
19 102
260 217
126 254
126 202
96 225
12 8
79 109
139 275
96 152
29 12
196 217
212 184
56 108
60 119
118 204
7 191
108 190
144 19
274 234
212 22
31 70
231 224
251 162
14 70
134 99
16 96
280 83
191 228
47 88
45 4
195 217
107 104
175 55
289 252
274 149
271 201
177 5
219 255
25 180
279 234
82 160
243 47
275 114
202 186
242 74
292 299
103 137
192 99
103 31
180 234
187 78
135 204
159 117
297 55
41 184
96 29
76 123
289 91
30 104
178 243
243 272
162 222
74 98
129 106
92 229
7 62
266 32
149 195
2 177
113 198
279 43
218 210
53 56
212 259
202 135
108 142
117 145
296 22
180 191
120 125
187 273
57 180
127 205
82 258
208 129
224 196
158 188
296 194
153 263
99 208
102 55
253 259
281 219
110 249
126 213
186 283
215 14
271 295
253 94
223 106
54 162
102 199
93 212
175 98
58 246
53 274
233 160
80 6
255 266
180 242
277 82
148 118
114 244
38 171
277 119
281 13
212 31
295 83
233 5
3 171
197 43
256 57
63 183
201 88
82 71
205 81
252 60
56 105
276 118
237 95
108 254
37 271
106 73
78 33
256 92
135 82
191 205
88 91
179 254
77 290
123 262
74 282
87 127
297 130
277 64
70 235
258 138
211 159
244 64
156 41
175 200
106 292
135 66
73 246
288 15
29 150
185 164
43 155
37 272
88 41
276 15
205 210
122 286
50 168
261 66
19 207
251 137
255 177
123 138
153 28
231 164
28 234
89 116
140 71
164 127
194 281
243 192
178 151
19 65
184 229
188 280
169 203
80 191
29 177
205 255
119 235
221 188
56 199
23 11
190 249
282 187
80 136
287 225
43 258
239 58
90 279
182 179
122 12
189 14
269 152
139 146
35 141
40 60
123 143
92 63
3 13
201 74
52 135
145 188
298 147
126 85
16 89
101 8
74 139
43 42
188 43
184 182
242 275
119 277
92 66
131 211
38 95
230 33
273 142
289 128
213 24
113 115
123 281
120 266
8 197
292 163
97 248
224 229
206 40
158 43
6 298
146 41
126 96
238 128
256 152
176 227
42 221
203 41
59 217
166 75
291 119
67 159
140 88
180 291
86 46
96 90
132 145
241 242
71 10
162 180
107 27
249 90
131 202
119 204
279 190
61 38
249 270
111 129
172 89
135 291
134 11
156 283
226 18
28 97
29 297
76 191
281 189
91 25
229 165
107 262
52 261
283 169
50 1
90 94
138 274
285 277
261 272
290 141
291 239
288 70
261 20
209 64
142 295
212 52
67 123
84 19
240 119
121 68
214 290
17 263
241 104
128 2
196 254
193 118
241 187
259 181
297 254
249 169
273 139
15 213
233 40
160 99
219 225
268 33
296 186
290 285
39 289
295 119
289 235
174 188
121 230
185 134
55 171
10 186
100 28
121 77
229 85
10 33
66 148
86 30
15 114
104 129
248 55
42 151
40 289
272 217
51 213
84 209
147 158
238 147
224 299
84 59
92 153
54 147
229 210
77 140
21 245
52 233
84 269
11 94
11 176
90 283
244 114
272 226
73 91
91 211
270 50
203 227
126 115
77 257
150 56
53 154
139 223
245 105
199 224
100 256
291 211
25 242
169 235
78 50
261 294
44 221
201 231
98 248
257 27
135 228
134 159
83 240
45 274
250 28
36 245
208 50
45 27
14 285
35 214
208 144
66 296
280 253
253 267
46 130
58 262
122 234
174 193
219 257
37 272
217 169
271 73
152 177
162 16
230 218
62 250
246 191
196 180
199 278
109 149
163 298
284 219
164 37
294 210
182 135
4 83
156 151
28 276
292 60
278 243
193 275
218 93
25 191
222 114
15 225
275 83
2 178
268 259
169 219
54 262
46 104
255 111
87 254
67 284
279 131
158 45
190 224
167 76
242 216
193 89
224 9
240 220
179 279
198 208
222 100
204 4
115 20
275 212
248 254
138 42
139 227
203 296
125 82
50 70
212 67
129 243
163 136
115 69
277 94
246 65
70 199
220 203
115 237
192 247
41 115
42 30
78 180
14 245
67 203
23 64
7 279
168 152
273 222
68 283
101 2
253 67
22 223
160 225
172 137
4 52
134 213
146 46
43 213
116 160
225 162
142 191
95 284
259 10
45 68
70 79
146 146
69 24
249 168
57 282
34 174
139 61
159 221
134 37
198 254
117 2
246 175
211 259
21 41
110 170
2 118
17 232
8 148
69 138
120 10
184 126
240 207
128 23
61 99
54 262
16 11
238 171
182 262
4 201
124 255
73 166
150 126
274 90
229 159
221 95
222 49
8 105
180 214
13 136
150 293
56 119
42 167
181 46
248 276
231 185
103 72
198 5
147 254
165 224
20 76
178 86
243 294
208 186
75 175
169 273
145 225
144 277
24 187
216 26
211 272
96 147
204 67
73 294
270 52
180 290
128 290
284 110
297 71
298 244
270 124
49 219
197 115
54 194
220 221
245 270
118 183
2 41
87 22
126 75
65 57
100 7
117 193
16 136
81 166
290 15
234 103
218 92
38 131
104 272
295 10
193 101
194 165
239 196
23 33
91 66
73 89
34 243
79 242
161 51
66 212
15 203
295 52
184 233
258 85
95 40
194 5
170 41
237 88
122 109
227 12
101 265
208 52
295 136
187 287
252 208
111 5
57 267
253 159
244 293
34 263
268 40
81 280
68 138
299 70
82 242
207 227
279 236
72 167
207 26
234 11
16 159
126 46
205 125
119 131
94 149
241 205
185 62
252 22
144 5
248 252
179 227
163 207
75 210
237 287
298 34
193 171
217 66
191 71
203 122
24 62
19 297
60 265
40 204
262 12
264 184
111 262
221 195
106 26
13 48
82 43
214 63
129 275
47 184
58 73
187 250
299 134
100 207
163 59
124 140
76 125
139 140
36 240
266 61
109 194
289 32
95 192
219 255
139 277
102 18
268 250
84 289
248 20
79 184
76 112
289 255
96 205
145 129
242 184
130 163
195 103
47 119
74 43
72 267
285 266
216 174
215 6
26 0
237 164
276 157
113 65
270 17
146 261
145 167
31 140
244 275
94 226
21 291
258 220
186 93
19 296
2 102
155 287
151 80
237 92
157 179
196 102
63 180
47 95
235 260
235 78
57 179
171 81
2 130
276 181
177 240
43 295
282 231
63 250
42 185
64 53
155 251
183 13
108 271
231 231
61 43
275 219
0 170
1 198
79 54
47 277
24 9
292 142
92 59
244 56
161 134
137 61
74 68
39 21
4 182
277 23
242 65
288 4
202 294
101 289
18 34
43 148
290 42
101 87
195 134
20 98
159 56
125 157
230 233
167 216
239 234
52 196
201 233
228 40
81 155
189 29
229 99
193 284
72 271
105 295
145 267
76 177
34 4
289 201
169 17
3 208
104 109
42 55
147 57
213 22
103 280
131 102
139 84
128 109
