287 7 29523
87 3 13115
920 40 22155
608 19 11399
225 45 20208
1410 30 16787
432 24 28661
775 31 23818
864 48 9811
252 9 5483
42 3 2420
484 44 30578
280 8 22934
1125 45 19367
1443 39 5596
351 9 21665
480 15 10363
52 13 5908
1296 27 25482
32 4 22545
144 12 23379
343 49 557
525 25 31213
884 34 31452
840 20 19508
364 14 10756
640 16 21760
1248 26 21232
304 8 19245
56 14 10660
27 9 25590
392 49 6637
238 7 4684
49 49 9081
360 18 21177
247 19 26021
6 2 162
686 14 16013
299 23 20348
1260 36 7630
1300 50 31763
96 3 28736
81 3 24908
990 22 30513
300 6 17313
560 40 17441
117 13 29214
1824 48 15473
676 26 5078
980 20 13463
627 19 3087
432 48 19560
270 18 539
1216 32 24651
1134 42 12972
432 9 10349
559 43 29721
972 27 11968
783 27 30167
1548 36 8323
144 12 16947
702 18 4730
518 37 27332
196 28 13956
962 26 31825
26 26 29429
285 15 17121
1085 35 16468
989 43 8174
42 2 7495
420 15 20154
154 7 2618
1715 35 19100
468 36 6168
8 8 9784
1496 34 13280
377 13 23272
351 27 13157
1026 38 3798
621 27 32074
912 24 4868
1404 39 28750
126 21 23287
414 9 30445
160 4 32649
330 10 14304
1221 33 16389
112 4 21893
288 24 7629
13 13 29615
748 44 14116
38 2 13619
58 2 30172
420 10 24946
1392 48 29496
2200 50 19759
731 17 16995
1584 33 30617
1089 33 3382
544 16 20504
4 2 29091
1950 50 9904
1350 45 14308
1000 50 9148
496 16 30197
99 3 13332
506 46 11102
700 28 13400
162 27 10790
2 1 9656
90 5 2044
690 46 32477
703 37 9990
1127 49 3691
1102 29 15965
31 31 18149
423 47 9175
2115 47 15178
1720 40 11163
184 46 29600
248 8 15154
528 48 31759
336 21 1352
60 12 7482
330 22 21948
94 2 29562
125 5 11498
833 49 19189
418 19 19461
570 38 14891
85 17 9315
312 8 18319
196 14 4857
1632 34 13244
420 30 14879
216 6 841
2150 43 25933
2400 48 20872
47 1 28357
1677 43 9400
952 34 17363
231 7 1699
33 1 11403
5 5 102
756 21 29245
252 14 8763
660 33 11792
2162 46 11439
950 50 14023
667 23 29271
135 45 5367
247 19 8531
896 28 14300
1056 24 28341
760 20 17183
42 6 31891
858 26 27285
675 25 30143
100 5 24198
432 48 23808
38 38 17121
1512 36 13324
460 20 20774
63 21 30301
600 25 13652
792 33 26130
3 3 7781
1880 47 14724
184 23 31140
1300 26 25173
156 6 3026
26 26 8385
220 22 350
377 29 3627
1911 49 25668
352 22 2351
546 26 10797
1295 37 30614
120 12 7566
33 33 31617
2024 44 28681
5 5 1436
84 14 6429
1564 34 7699
1800 50 31942
651 21 22283
1377 51 1406
441 21 7763
140 7 29148
35 5 20314
945 35 3958
650 25 7922
1175 25 13141
1850 37 24947
210 21 8419
1014 39 9499
231 33 18361
43 1 11916
1734 51 30635
45 3 7523
93 31 29190
1305 45 11273
1395 31 705
385 35 12538
328 41 17513
533 41 23310
925 37 4884
111 37 30071
195 15 12336
13 1 15935
1053 39 30071
1551 33 30606
819 21 20961
1170 39 21995
204 17 28360
465 31 7494
2205 45 20039
1053 27 16815
484 11 60
1287 33 19116
1276 29 4154
323 19 16132
54 27 3367
517 11 28903
539 49 23168
1295 37 4439
75 15 4100
85 5 22448
972 27 19477
1224 51 24859
68 17 20076
1274 49 10380
102 3 16696
1100 25 10640
558 31 5542
1127 23 9876
731 17 8292
759 23 15380
897 23 7347
15 15 31443
609 21 25201
14 7 22018
297 33 18624
630 35 25003
186 31 8671
1645 35 22191
893 47 1935
12 3 17895
714 21 32355
124 31 25902
858 33 31390
129 3 13885
1271 41 9025
777 21 11520
240 5 16064
390 15 28797
646 17 14521
425 17 15132
1450 29 31973
620 31 8765
637 49 14830
90 9 2331
369 9 20501
66 11 7862
2209 47 16305
3 1 29498
532 19 28183
1638 39 7358
57 19 25233
75 15 9921
1161 43 29124
874 23 2652
165 11 13437
1326 39 4626
1127 49 2422
943 23 26477
2068 47 25686
66 33 13286
217 31 17939
190 19 952
858 39 14973
1110 37 911
1800 45 31115
464 29 5481
1029 49 29605
1242 27 9017
324 9 24285
99 11 29800
36 1 31815
1127 23 16879
780 39 27694
744 31 17501
888 37 1898
2115 47 22265
234 39 26376
559 13 25030
1739 37 23190
322 7 17556
117 3 6316
2021 47 30084
343 7 11288
510 15 11755
195 39 11145
189 21 12403
720 45 24370
30 15 19182
196 49 5864
666 37 4832
1518 33 23537
1209 31 21577
1302 31 32428
714 17 8308
54 27 31874
28 7 21977
2064 43 24833
961 31 15048
837 27 24573
57 19 10913
759 33 4636
153 17 21768
1419 43 15428
651 21 16131
289 17 4085
165 15 22348
120 15 11730
2550 51 16723
6 1 30934
150 15 470
1035 23 28800
162 9 17681
705 47 8274
980 49 11915
77 7 27305
333 37 7433
475 19 17656
429 11 6158
190 19 20637
14 1 15652
1029 21 26379
644 23 1637
76 19 30004
817 19 23262
357 17 7697
1260 35 7891
851 23 10767
777 37 17409
1184 37 13112
1677 43 20328
432 9 26796
1107 41 30266
578 17 7296
1813 37 17217
141 3 5506
957 33 14115
420 21 112
1530 45 31653
235 5 11690
481 37 10584
816 17 5894
1312 41 10701
99 33 8694
240 5 8866
124 31 22754
525 25 8673
1150 23 139
84 3 3181
74 37 22162
703 37 18965
533 41 24730
34 1 7282
595 17 31116
946 43 14592
624 39 3620
387 43 30063
86 43 9734
833 17 17932
777 37 1441
1645 35 32263
609 29 24657
1372 49 32665
161 7 5124
405 45 26675
364 13 32357
1692 47 17662
518 37 32454
225 45 10320
29 29 26420
140 5 9006
464 29 29342
1980 45 2571
1000 25 27671
1353 33 13832
189 27 20588
164 41 21694
1558 41 7333
165 11 31376
279 9 13111
735 21 25999
1833 39 5776
851 37 26276
527 31 23564
273 7 12461
1755 39 8395
3 3 18666
650 25 28065
150 25 23092
713 23 24545
1209 39 734
714 21 31531
874 23 12549
1400 35 29087
255 51 17699
45 1 7878
969 51 9820
667 23 28328
252 7 14106
1395 31 17437
279 31 9168
195 13 31864
528 33 31612
36 3 961
1118 43 1364
2205 45 20150
60 3 17773
170 17 8132
154 7 20203
1125 45 29863
986 29 6602
696 29 15134
1519 49 15468
783 27 3238
945 21 19445
76 19 5114
204 17 31615
36 9 23
325 13 25609
495 15 9064
140 35 23294
810 27 10118
180 15 21913
611 47 23075
899 31 29898
2550 51 712
396 9 9618
29 29 21696
25 5 18178
473 43 15518
40 5 31365
442 13 32310
1155 33 22077
378 27 28188
637 49 32517
957 33 24828
1927 41 20812
21 21 14914
868 31 990
874 23 19387
468 39 19030
522 29 877
410 41 6779
490 35 23523
1107 41 31048
2250 45 8114
210 5 16263
855 45 1225
175 35 377
825 25 30437
319 11 5656
713 31 7626
1015 29 28064
1029 21 24528
120 3 20750
182 7 2851
783 29 27559
585 45 15381
741 39 28316
374 17 12839
1400 35 18683
34 17 2428
123 41 6068
259 37 12232
837 31 22331
1763 43 27452
1645 47 220
175 25 31168
2401 49 31006
85 17 26188
1015 29 21887
87 29 20622
1568 49 647
888 37 9130
1161 43 4089
540 27 10347
1935 45 20658
408 17 5959
153 17 16713
217 31 21190
899 31 21014
592 37 6008
93 3 11667
152 19 8023
418 19 1625
1935 45 14528
99 3 29639
912 19 26853
1353 41 16316
129 43 28067
90 15 17798
312 39 12540
165 15 2837
611 13 28391
129 3 18568
396 33 16894
2115 47 20671
200 5 24792
1015 29 19150
208 13 5146
230 5 17627
459 17 751
13 13 32724
1488 31 16739
297 11 24476
416 13 21264
1927 47 16291
250 5 12990
108 3 19715
286 11 19599
434 31 24515
374 17 31466
520 13 21751
270 27 17
117 3 13867
950 19 24622
920 23 18180
30 1 26725
585 45 22081
588 21 5962
135 3 22715
325 13 14742
329 7 12554
299 13 5168
26 1 6842
1023 33 20454
114 19 2281
117 9 4637
1015 29 22124
782 17 28113
270 15 19321
297 33 585
105 5 26797
188 47 29780
2303 49 23218
369 9 22289
1120 35 14625
1813 49 27488
1148 41 22851
63 3 11052
286 11 6743
24 3 14083
858 33 23288
187 17 6190
672 21 3122
1550 31 15821
495 33 17666
123 3 9930
184 23 17627
124 31 731
130 5 15928
111 3 1254
156 13 15457
992 31 30213
630 15 9192
92 23 9417
665 35 9898
1935 43 14632
660 33 28581
27 3 26204
286 13 18364
1560 39 7801
600 25 23852
325 13 21019
1530 45 26918
972 27 6872
207 23 18976
418 19 3604
1323 49 7963
529 23 23310
182 7 23294
253 11 30516
370 37 20438
910 35 6903
165 15 29279
660 33 2810
21 7 17324
264 33 21219
143 11 26379
1485 33 31082
288 9 21840
90 3 20589
441 49 26253
1080 45 3211
624 13 31342
682 31 6943
136 17 30845
752 47 8396
2156 49 24966
899 31 11463
30 3 27441
70 35 29980
1075 43 847
1692 47 18775
1739 47 10405
682 31 2125
1394 41 6033
1363 29 1314
1034 47 3231
1800 45 11896
350 7 19788
153 17 17184
999 27 17985
540 45 12451
437 23 24429
66 3 30074
615 41 15039
984 41 28505
1845 45 29969
578 17 29486
1170 45 32552
806 31 29913
1078 49 11849
529 23 20035
39 3 20163
1645 47 13292
700 25 26656
185 5 20664
1250 25 11926
1785 51 5916
578 17 15662
858 33 29669
1204 43 10399
261 9 14016
94 47 26680
143 11 9675
78 13 17077
663 39 11771
156 39 4703
484 11 13126
442 17 11817
255 17 15217
1080 27 20015
481 37 31137
7 1 13634
578 17 9243
370 37 28682
2401 49 9374
989 23 19668
148 37 4593
703 19 3520
1025 25 23049
75 5 29229
1794 39 16200
275 11 26159
806 31 3260
1960 49 9776
1813 49 11351
551 29 28324
39 3 26581
1330 35 24336
44 11 2146
816 17 23237
40 5 4844
1620 45 6372
231 7 27835
432 9 15051
805 23 11976
121 11 26284
806 31 16525
1080 45 19672
2142 51 28411
819 39 28879
72 3 9808
245 7 3786
798 19 8413
858 39 31493
754 29 15241
17 1 11472
559 13 16258
720 45 4922
152 19 27065
1950 39 6535
273 13 2436
172 43 31828
29 29 30303
1100 25 7803
370 37 6190
2450 49 11862
288 9 16750
325 25 25576
441 9 12845
750 15 3068
608 19 5273
792 33 21450
1974 47 1195
396 11 8821
350 35 17354
1218 29 27086
275 25 10467
242 11 15048
432 27 11481
598 13 5608
1369 37 4355
1250 25 3953
1200 25 26182
765 51 12467
561 33 4560
1023 33 10077
572 13 24490
462 21 4550
483 21 4239
42 7 2358
396 33 30683
93 31 270
588 21 27161
945 21 16363
1295 37 905
294 49 26910
400 25 10384
123 3 24448
705 15 10519
714 17 16442
372 31 23540
700 25 2872
350 25 5445
660 15 2396
20 1 20782
380 19 4230
288 9 28748
819 39 20268
627 33 25542
143 13 17771
2450 49 18889
27 27 19687
858 33 16175
705 47 14311
1085 35 3318
1935 45 27053
648 27 130
925 25 22147
841 29 31656
231 11 5561
861 41 13270
816 51 8749
725 25 25776
50 5 3491
165 5 24874
450 9 1587
230 23 26655
26 13 11811
135 3 26263
182 13 15057
1209 39 26381
1131 29 21177
270 27 31641
141 47 1819
18 1 12207
539 11 1306
2244 51 28744
31 31 20565
1640 41 24305
1035 45 3903
595 17 20777
891 33 1636
595 17 13754
12 3 27177
90 15 22490
360 9 19843
1395 45 24254
799 47 26989
27 27 5752
504 21 25405
484 11 9965
286 11 30847
495 11 23709
112 7 20552
198 9 18881
1290 43 10383
806 31 20422
1075 25 30525
155 31 31252
105 21 26150
75 3 16616
1518 33 23849
750 25 23928
378 27 12800
84 3 25967
23 1 31769
266 7 32623
435 15 18355
175 25 28467
116 29 15048
357 21 25474
1833 47 27259
1886 41 25324
205 5 10364
667 29 2843
858 39 8124
540 15 26123
1131 39 23772
20 5 20540
825 33 19961
1184 37 12183
570 15 27580
999 37 31946
195 5 29442
105 5 7134
1189 29 6566
315 21 5910
1250 25 2415
1750 35 18879
1326 51 20058
860 43 1254
325 25 22893
403 31 23894
9 3 20616
532 19 18453
87 29 21505
75 3 9826
1089 33 25596
1610 35 11227
361 19 2729
1482 39 22321
270 15 2090
104 13 15630
221 17 378
129 43 26634
207 23 18582
1363 47 28877
34 17 31949
559 13 4140
189 27 9938
637 13 28470
594 27 23483
280 7 18148
696 29 26283
1122 51 27678
228 19 24417
899 29 27213
222 37 14818
476 17 17959
1008 21 27368
943 23 22912
247 19 22514
943 41 15285
2499 51 25211
966 21 17833
123 41 30918
208 13 23274
693 21 10859
1073 37 7275
483 23 26346
1118 43 30513
595 35 6554
1421 49 15596
187 11 15117
700 35 24993
270 9 21559
990 33 6077
620 31 28374
1350 45 19503
2205 49 4241
1404 39 8301
385 11 15931
110 11 3115
666 37 3489
893 19 20316
215 43 2454
99 33 26111
775 31 28969
165 33 18243
441 9 31417
1404 39 13340
688 43 29975
464 29 29278
1519 31 28434
450 15 19599
4 1 4859
85 5 25792
423 9 25840
180 9 8616
551 29 23112
209 19 9083
987 21 2959
612 17 2643
495 15 11955
658 47 10496
506 11 26465
20 5 27626
39 13 14335
903 21 25385
805 23 12782
551 29 17181
155 31 193
74 37 28022
897 39 14671
1519 31 9836
171 19 21225
105 21 19078
675 25 21096
592 37 29437
1080 45 15715
1715 49 9189
544 17 9338
837 27 13241
666 37 6553
456 19 7035
893 47 25410
805 35 29198
12 3 7958
1457 31 3950
567 27 31586
45 9 6844
133 7 23156
171 19 16813
333 37 13419
279 9 27927
120 5 30121
111 37 2621
1974 47 1067
1209 31 15008
1517 37 13157
110 5 21070
372 31 4669
966 23 24771
1148 41 8348
2021 43 29716
235 47 29566
129 3 24558
1645 35 19251
1645 35 17115
615 41 3195
930 31 32707
1372 49 26683
900 45 18620
175 7 4739
1302 31 27325
945 21 18954
14 7 840
1080 27 28864
888 37 27874
1443 39 1302
43 43 20907
423 47 23185
1200 25 23141
782 23 14947
156 13 7467
315 21 14947
492 41 22528
986 29 7821
299 13 28604
1720 43 21649
423 9 5856
812 29 283
456 19 16775
1170 39 25944
29 1 18390
451 11 21459
1333 31 19968
651 31 25111
1617 49 28698
1692 47 14554
132 11 19299
861 41 9170
846 47 12120
1450 29 4143
195 15 24827
312 39 19613
238 17 7429
980 35 8567
714 21 9660
55 5 13919
299 13 28435
825 33 22951
86 43 11536
620 31 22258
172 43 29508
86 43 22734
714 21 31463
2107 49 23533
629 37 3340
540 15 14188
1845 41 32327
429 39 16855
1053 27 12175
13 1 6203
297 33 3298
462 21 31772
329 7 509
1147 31 15224
279 31 6186
456 19 11223
111 37 28255
94 47 11143
2205 49 27702
2250 45 17245
925 37 3291
1364 31 17145
1519 31 17689
190 5 14756
441 21 4529
1372 49 24969
1026 27 25973
205 41 2570
185 37 26383
494 13 17989
875 35 32363
575 23 13687
1369 37 23453
1950 39 2243
646 19 132
221 13 12616
40 5 17574
462 11 12134
690 15 22134
1333 31 15298
203 29 19344
390 39 24430
50 5 26284
1029 49 539
35 5 835
90 5 4509
250 25 20293
1517 37 5328
1175 25 23380
57 19 20220
1443 39 14770
1147 37 19274
528 11 1571
110 11 3325
396 33 11366
217 31 12110
1377 51 22808
54 9 30834
54 3 30042
495 11 28539
28 7 4644
1044 29 15140
2156 49 1543
2009 49 3038
493 17 29404
1295 35 17832
168 7 10940
1100 25 32047
1221 33 32180
78 13 13580
17 1 29567
1404 39 26845
132 3 3477
187 17 9021
533 13 18206
352 11 24344
945 45 3403
185 5 1889
1443 37 4912
1260 45 14415
1189 41 30319
972 27 27803
130 5 26071
611 13 4489
1175 47 18577
609 21 12755
400 25 13144
667 23 4555
324 9 4274
957 33 28152
1110 37 16726
1517 37 10337
430 43 4732
1035 45 8488
363 33 13043
506 11 8627
91 7 13974
2244 51 14352
396 9 27657
418 19 11997
1080 27 977
1935 45 28606
945 35 4575
1638 39 292
1221 37 253
697 17 6607
49 7 9811
1395 45 20778
162 9 4928
198 11 9096
480 15 22742
405 45 28486
1305 29 4208
805 23 23408
1722 41 9759
1110 37 23682
741 39 23846
9 1 22155
752 47 15089
630 15 7782
273 21 10943
319 11 17884
224 7 31356
143 13 5465
230 23 22047
1716 39 1003
650 25 19793
1178 31 300
680 17 9015
253 23 22325
279 31 14405
870 29 23734
162 9 15675
435 15 13196
36 3 5702
2205 45 30293
1450 29 32405
450 15 17465
868 31 1805
245 49 26506
1015 35 226
322 23 23492
992 31 22345
837 31 6226
132 11 4569
870 29 17640
150 25 6242
1677 39 29506
203 7 26856
387 9 16931
93 3 8907
490 49 11208
799 17 31212
1023 31 4799
752 47 28744
90 45 19095
255 17 19202
680 17 12446
609 29 30380
24 3 24858
1872 39 17787
259 7 5559
780 39 31458
1276 29 13018
312 39 26858
1395 31 4174
116 29 22272
473 11 21986
506 11 4581
684 19 3825
99 33 23100
2350 47 26363
945 27 15272
240 15 6292
154 11 28107
540 45 21715
21 21 29065
21 7 19924
216 27 17995
1739 47 1709
1598 47 8754
520 13 18800
